-9,5367431640625e-05
-0,000286102294921875
-0,000667572021484375
-0,0011444091796875
-0,00171661376953125
-0,0026702880859375
-0,0034332275390625
-0,00457763671875
-0,005340576171875
-0,006866455078125
-0,008392333984375
-0,009918212890625
-0,011444091796875
-0,01373291015625
-0,0152587890625
-0,017547607421875
-0,019073486328125
-0,0213623046875
-0,023651123046875
-0,026702880859375
-0,029754638671875
-0,031280517578125
-0,034332275390625
-0,03814697265625
-0,040435791015625
-0,04425048828125
-0,04730224609375
-0,05035400390625
-0,05340576171875
-0,05645751953125
-0,06103515625
-0,0640869140625
-0,067138671875
-0,0732421875
-0,0762939453125
-0,08087158203125
-0,08544921875
-0,0885009765625
-0,09307861328125
-0,09765625
-0,1007080078125
-0,1068115234375
-0,10986328125
-0,11444091796875
-0,12054443359375
-0,12359619140625
-0,128173828125
-0,13275146484375
-0,13885498046875
-0,1434326171875
-0,14801025390625
-0,152587890625
-0,15716552734375
-0,1617431640625
-0,16632080078125
-0,1708984375
-0,17547607421875
-0,17852783203125
-0,18310546875
-0,18768310546875
-0,19378662109375
-0,1983642578125
-0,20294189453125
-0,20751953125
-0,21209716796875
-0,21514892578125
-0,2197265625
-0,225830078125
-0,2288818359375
-0,23345947265625
-0,2410888671875
-0,244140625
-0,2471923828125
-0,2532958984375
-0,2532958984375
-0,25634765625
-0,2593994140625
-0,2655029296875
-0,2685546875
-0,2716064453125
-0,274658203125
-0,2777099609375
-0,28076171875
-0,2838134765625
-0,286865234375
-0,2899169921875
-0,29296875
-0,2960205078125
-0,299072265625
-0,3021240234375
-0,3021240234375
-0,30517578125
-0,3082275390625
-0,3082275390625
-0,3082275390625
-0,311279296875
-0,31280517578125
-0,31280517578125
-0,3143310546875
-0,3143310546875
-0,31585693359375
-0,31585693359375
-0,31585693359375
-0,31585693359375
-0,3143310546875
-0,31585693359375
-0,3143310546875
-0,3143310546875
-0,3143310546875
-0,311279296875
-0,30975341796875
-0,3082275390625
-0,30670166015625
-0,30364990234375
-0,3021240234375
-0,30059814453125
-0,29754638671875
-0,29449462890625
-0,29144287109375
-0,28839111328125
-0,28533935546875
-0,28076171875
-0,2777099609375
-0,274658203125
-0,2685546875
-0,2655029296875
-0,26092529296875
-0,25634765625
-0,250244140625
-0,24566650390625
-0,23956298828125
-0,2349853515625
-0,23040771484375
-0,2227783203125
-0,21820068359375
-0,2105712890625
-0,2044677734375
-0,1983642578125
-0,19073486328125
-0,182342529296875
-0,174713134765625
-0,167083740234375
-0,159454345703125
-0,151824951171875
-0,1434326171875
-0,13580322265625
-0,12664794921875
-0,118255615234375
-0,10986328125
-0,1007080078125
-0,091552734375
-0,081634521484375
-0,072479248046875
-0,0621795654296875
-0,0522613525390625
-0,0423431396484375
-0,03204345703125
-0,0217437744140625
-0,0110626220703125
-0,000762939453125
0,01010894775390625
0,0209808349609375
0,03204345703125
0,0431060791015625
0,054264068603515625
0,06561279296875
0,07704496383666992
0,08854866027832031
0,10013580322265625
0,11196136474609375
0,12359619140625
0,1354217529296875
0,14743804931640625
0,1598358154296875
0,171661376953125
0,183868408203125
0,1956939697265625
0,208282470703125
0,2208709716796875
0,232696533203125
0,24566650390625
0,25787353515625
0,27008056640625
0,28228759765625
0,295257568359375
0,307464599609375
0,319671630859375
0,3326416015625
0,344085693359375
0,3570556640625
0,3692626953125
0,3814697265625
0,394439697265625
0,40740966796875
0,4180908203125
0,43182373046875
0,44403076171875
0,4547119140625
0,4669189453125
0,47760009765625
0,48828125
0,50201416015625
0,5126953125
0,52337646484375
0,53558349609375
0,5462646484375
0,5584716796875
0,56915283203125
0,579833984375
0,59051513671875
0,6011962890625
0,61187744140625
0,62103271484375
0,63018798828125
0,640869140625
0,6500244140625
0,66070556640625
0,6683349609375
0,67901611328125
0,68817138671875
0,69580078125
0,7049560546875
0,714111328125
0,72174072265625
0,72784423828125
0,73394775390625
0,7415771484375
0,74920654296875
0,75531005859375
0,762939453125
0,76904296875
0,775146484375
0,78125
0,7843017578125
0,7904052734375
0,79498291015625
0,799560546875
0,8056640625
0,8087158203125
0,8087158203125
0,811767578125
0,8148193359375
0,8209228515625
0,8209228515625
0,823974609375
0,8270263671875
0,8270263671875
0,830078125
0,8270263671875
0,830078125
0,8270263671875
0,830078125
0,8270263671875
0,8270263671875
0,8270263671875
0,823974609375
0,8209228515625
0,8148193359375
0,811767578125
0,811767578125
0,8056640625
0,8026123046875
0,799560546875
0,79345703125
0,78887939453125
0,7843017578125
0,7781982421875
0,77362060546875
0,7659912109375
0,7598876953125
0,750732421875
0,74310302734375
0,7354736328125
0,726318359375
0,71868896484375
0,70953369140625
0,70037841796875
0,689697265625
0,6805419921875
0,6683349609375
0,65765380859375
0,64544677734375
0,634765625
0,62255859375
0,6103515625
0,59814453125
0,5859375
0,57220458984375
0,5584716796875
0,54473876953125
0,531005859375
0,5157470703125
0,50048828125
0,48370361328125
0,46844482421875
0,4547119140625
0,43792724609375
0,421142578125
0,4058837890625
0,38909912109375
0,372314453125
0,35400390625
0,33721923828125
0,3173828125
0,30059814453125
0,28228759765625
0,262451171875
0,243377685546875
0,22430419921875
0,205230712890625
0,185394287109375
0,165557861328125
0,145721435546875
0,125885009765625
0,106048583984375
0,08544921875
0,064849853515625
0,04425048828125
0,02288818359375
0,002288818359375
-0,019073486328125
-0,0408172607421875
-0,0621795654296875
-0,08392333984375
-0,10528564453125
-0,1270294189453125
-0,148773193359375
-0,1705169677734375
-0,1926422119140625
-0,21457672119140625
-0,23651123046875
-0,2585411071777344
-0,28061866760253906
-0,30269622802734375
-0,32482147216796875
-0,3468513488769531
-0,36907196044921875
-0,3910064697265625
-0,4131317138671875
-0,4352569580078125
-0,4566192626953125
-0,4787445068359375
-0,50048828125
-0,522613525390625
-0,543975830078125
-0,56610107421875
-0,586700439453125
-0,60882568359375
-0,629425048828125
-0,650787353515625
-0,672149658203125
-0,6927490234375
-0,713348388671875
-0,73394775390625
-0,7537841796875
-0,77362060546875
-0,794219970703125
-0,814056396484375
-0,832366943359375
-0,852203369140625
-0,87127685546875
-0,88958740234375
-0,909423828125
-0,927734375
-0,94451904296875
-0,9613037109375
-0,9796142578125
-0,99639892578125
-1,01318359375
-1,02996826171875
-1,04522705078125
-1,06201171875
-1,0772705078125
-1,09100341796875
-1,10626220703125
-1,12152099609375
-1,13525390625
-1,14898681640625
-1,16119384765625
-1,17340087890625
-1,18560791015625
-1,1993408203125
-1,21002197265625
-1,22222900390625
-1,23291015625
-1,2420654296875
-1,25274658203125
-1,26190185546875
-1,27105712890625
-1,28021240234375
-1,28631591796875
-1,2939453125
-1,30157470703125
-1,30767822265625
-1,3153076171875
-1,31988525390625
-1,324462890625
-1,32904052734375
-1,3336181640625
-1,33819580078125
-1,34124755859375
-1,34429931640625
-1,34429931640625
-1,3458251953125
-1,3458251953125
-1,3458251953125
-1,348876953125
-1,348876953125
-1,3458251953125
-1,3458251953125
-1,3397216796875
-1,336669921875
-1,3336181640625
-1,33056640625
-1,3275146484375
-1,3214111328125
-1,3153076171875
-1,312255859375
-1,3031005859375
-1,2969970703125
-1,287841796875
-1,2786865234375
-1,26953125
-1,2603759765625
-1,251220703125
-1,2420654296875
-1,2298583984375
-1,2176513671875
-1,20849609375
-1,19476318359375
-1,1810302734375
-1,165771484375
-1,15203857421875
-1,1383056640625
-1,123046875
-1,1077880859375
-1,0894775390625
-1,07421875
-1,055908203125
-1,03759765625
-1,02081298828125
-1,00250244140625
-0,982666015625
-0,96282958984375
-0,9429931640625
-0,921630859375
-0,9002685546875
-0,87890625
-0,8575439453125
-0,836181640625
-0,81329345703125
-0,787353515625
-0,76446533203125
-0,74005126953125
-0,71563720703125
-0,6927490234375
-0,66680908203125
-0,640869140625
-0,61492919921875
-0,5889892578125
-0,5615234375
-0,5340576171875
-0,50811767578125
-0,4791259765625
-0,45166015625
-0,42266845703125
-0,3936767578125
-0,3662109375
-0,33721923828125
-0,3082275390625
-0,2777099609375
-0,24871826171875
-0,21820068359375
-0,189208984375
-0,157928466796875
-0,127410888671875
-0,09765625
-0,066375732421875
-0,03509521484375
-0,003814697265625
0,0274658203125
0,058746337890625
0,09002685546875
0,121307373046875
0,15411376953125
0,185394287109375
0,217437744140625
0,2490997314453125
0,2811431884765625
0,3131866455078125
0,3448486328125
0,3765106201171875
0,4085540771484375
0,440216064453125
0,472259521484375
0,5037307739257812
0,5354881286621094
0,5669593811035156
0,5984783172607422
0,6297758772252615
0,6609916687011719
0,6920814514160156
0,7228851318359375
0,7535934448242188
0,7841110229492188
0,8144378662109375
0,844573974609375
0,8747100830078125
0,904083251953125
0,933837890625
0,96282958984375
0,9918212890625
1,020050048828125
1,049041748046875
1,0772705078125
1,104736328125
1,1322021484375
1,158905029296875
1,18560791015625
1,2115478515625
1,238250732421875
1,263427734375
1,287841796875
1,313018798828125
1,33819580078125
1,361083984375
1,38397216796875
1,4068603515625
1,42974853515625
1,45263671875
1,4739990234375
1,49383544921875
1,51519775390625
1,5350341796875
1,55487060546875
1,57318115234375
1,5899658203125
1,6082763671875
1,6265869140625
1,64337158203125
1,65863037109375
1,67388916015625
1,68914794921875
1,702880859375
1,71661376953125
1,7303466796875
1,74102783203125
1,75323486328125
1,76544189453125
1,77459716796875
1,78375244140625
1,79443359375
1,8035888671875
1,8096923828125
1,81732177734375
1,82342529296875
1,82952880859375
1,8341064453125
1,83868408203125
1,84326171875
1,84478759765625
1,8463134765625
1,84783935546875
1,84783935546875
1,849365234375
1,8463134765625
1,8463134765625
1,84478759765625
1,84173583984375
1,837158203125
1,8341064453125
1,8280029296875
1,8218994140625
1,81884765625
1,8096923828125
1,800537109375
1,7913818359375
1,7822265625
1,77001953125
1,7578125
1,7486572265625
1,7364501953125
1,7242431640625
1,708984375
1,6937255859375
1,678466796875
1,6632080078125
1,64794921875
1,629638671875
1,611328125
1,593017578125
1,57470703125
1,5533447265625
1,531982421875
1,5106201171875
1,4862060546875
1,46484375
1,44195556640625
1,41754150390625
1,3946533203125
1,3671875
1,34124755859375
1,3153076171875
1,28936767578125
1,2603759765625
1,23138427734375
1,202392578125
1,17340087890625
1,14288330078125
1,11236572265625
1,08184814453125
1,0498046875
1,0162353515625
0,98419189453125
0,9521484375
0,9185791015625
0,885009765625
0,84991455078125
0,81634521484375
0,78125
0,74310302734375
0,7080078125
0,67138671875
0,634765625
0,59814453125
0,55999755859375
0,5218505859375
0,48370361328125
0,445556640625
0,40740966796875
0,36773681640625
0,32958984375
0,2899169921875
0,250244140625
0,20904541015625
0,16937255859375
0,128173828125
0,0885009765625
0,0457763671875
0,006103515625
-0,034332275390625
-0,075531005859375
-0,116729736328125
-0,157928466796875
-0,199127197265625
-0,240325927734375
-0,28228759765625
-0,323486328125
-0,36468505859375
-0,4058837890625
-0,44708251953125
-0,48828125
-0,52947998046875
-0,5706787109375
-0,6114959716796875
-0,652313232421875
-0,6927490234375
-0,733184814453125
-0,77362060546875
-0,814056396484375
-0,853729248046875
-0,8935928344726562
-0,933074951171875
-0,9723663330078125
-1,0112762451171875
-1,049947738647461
-1,0882854461669922
-1,1263370513916016
-1,1640548706054688
-1,2014389038085938
-1,2384414672851562
-1,2750625610351562
-1,3113021850585938
-1,346588134765625
-1,3824462890625
-1,41754150390625
-1,451873779296875
-1,485443115234375
-1,519012451171875
-1,55181884765625
-1,584625244140625
-1,61590576171875
-1,64794921875
-1,679229736328125
-1,708984375
-1,739501953125
-1,767730712890625
-1,796722412109375
-1,824188232421875
-1,851654052734375
-1,877593994140625
-1,904296875
-1,9287109375
-1,953125
-1,9775390625
-2,00042724609375
-2,02178955078125
-2,04620361328125
-2,06451416015625
-2,08587646484375
-2,10418701171875
-2,1240234375
-2,14080810546875
-2,1575927734375
-2,17437744140625
-2,18963623046875
-2,20489501953125
-2,2186279296875
-2,2308349609375
-2,2430419921875
-2,2552490234375
-2,26593017578125
-2,27508544921875
-2,28424072265625
-2,2918701171875
-2,2979736328125
-2,30560302734375
-2,3101806640625
-2,31475830078125
-2,31781005859375
-2,32086181640625
-2,3223876953125
-2,32391357421875
-2,3223876953125
-2,32086181640625
-2,3193359375
-2,31781005859375
-2,31170654296875
-2,30865478515625
-2,3040771484375
-2,2979736328125
-2,288818359375
-2,28118896484375
-2,27203369140625
-2,2613525390625
-2,25067138671875
-2,239990234375
-2,2247314453125
-2,2125244140625
-2,197265625
-2,1820068359375
-2,1636962890625
-2,1484375
-2,130126953125
-2,11181640625
-2,093505859375
-2,0721435546875
-2,0477294921875
-2,0263671875
-2,0050048828125
-1,9775390625
-1,9561767578125
-1,9287109375
-1,9012451171875
-1,873779296875
-1,8463134765625
-1,81884765625
-1,788330078125
-1,7578125
-1,727294921875
-1,6937255859375
-1,66015625
-1,62811279296875
-1,59149169921875
-1,5594482421875
-1,5228271484375
-1,4862060546875
-1,45111083984375
-1,4129638671875
-1,37481689453125
-1,33514404296875
-1,29547119140625
-1,25732421875
-1,21612548828125
-1,17340087890625
-1,1322021484375
-1,09100341796875
-1,04827880859375
-1,00555419921875
-0,9613037109375
-0,91705322265625
-0,87127685546875
-0,82550048828125
-0,78125
-0,7354736328125
-0,68817138671875
-0,64239501953125
-0,5950927734375
-0,54779052734375
-0,50048828125
-0,45318603515625
-0,40435791015625
-0,35400390625
-0,30517578125
-0,25634765625
-0,20904541015625
-0,15716552734375
-0,10833740234375
-0,0579833984375
-0,0091552734375
0,0396728515625
0,09002685546875
0,140380859375
0,19073486328125
0,2410888671875
0,29144287109375
0,341796875
0,391387939453125
0,441741943359375
0,492095947265625
0,542449951171875
0,591278076171875
0,641632080078125
0,69122314453125
0,740814208984375
0,7904052734375
0,838470458984375
0,8880615234375
0,9368896484375
0,984954833984375
1,03302001953125
1,0807037353515625
1,128387451171875
1,1753082275390625
1,2218475341796875
1,268768310546875
1,3143539428710938
1,3601303100585938
1,4051437377929688
1,4499664306640625
1,4939308166503906
1,5377521514892578
1,580965518951416
1,6236305236816406
1,6656875610351562
1,70745849609375
1,7482757568359375
1,7887115478515625
1,8283843994140625
1,8680572509765625
1,9062042236328125
1,9443511962890625
1,9817352294921875
2,0175933837890625
2,0534515380859375
2,0885467529296875
2,123260498046875
2,15606689453125
2,18963623046875
2,220916748046875
2,252960205078125
2,28271484375
2,312469482421875
2,341461181640625
2,368927001953125
2,3956298828125
2,422332763671875
2,447509765625
2,471160888671875
2,49481201171875
2,5177001953125
2,54058837890625
2,55889892578125
2,58026123046875
2,60009765625
2,6153564453125
2,63214111328125
2,65045166015625
2,6641845703125
2,6763916015625
2,69012451171875
2,70233154296875
2,71148681640625
2,72216796875
2,7313232421875
2,73895263671875
2,7435302734375
2,7496337890625
2,7557373046875
2,7587890625
2,76031494140625
2,76031494140625
2,7618408203125
2,7618408203125
2,7587890625
2,7557373046875
2,752685546875
2,74658203125
2,740478515625
2,73284912109375
2,7252197265625
2,716064453125
2,703857421875
2,69317626953125
2,68096923828125
2,66571044921875
2,6519775390625
2,6336669921875
2,618408203125
2,60162353515625
2,58026123046875
2,56195068359375
2,54058837890625
2,5177001953125
2,4932861328125
2,471923828125
2,447509765625
2,4169921875
2,392578125
2,362060546875
2,337646484375
2,30712890625
2,2735595703125
2,2430419921875
2,20947265625
2,1728515625
2,142333984375
2,105712890625
2,069091796875
2,032470703125
1,995849609375
1,9561767578125
1,9134521484375
1,873779296875
1,8341064453125
1,7913818359375
1,7486572265625
1,7059326171875
1,66015625
1,6143798828125
1,57012939453125
1,52130126953125
1,4739990234375
1,42669677734375
1,37786865234375
1,32904052734375
1,2786865234375
1,22833251953125
1,17645263671875
1,12762451171875
1,07574462890625
1,0223388671875
0,970458984375
0,91400146484375
0,860595703125
0,80718994140625
0,75225830078125
0,69732666015625
0,640869140625
0,5859375
0,52947998046875
0,47454833984375
0,41656494140625
0,360107421875
0,3021240234375
0,244140625
0,1861572265625
0,12969970703125
0,0701904296875
0,01373291015625
-0,0457763671875
-0,103759765625
-0,1617431640625
-0,22125244140625
-0,27923583984375
-0,335693359375
-0,39520263671875
-0,45166015625
-0,51116943359375
-0,56915283203125
-0,62713623046875
-0,68511962890625
-0,74310302734375
-0,80108642578125
-0,8575439453125
-0,91400146484375
-0,971221923828125
-1,027679443359375
-1,084136962890625
-1,13983154296875
-1,195526123046875
-1,250457763671875
-1,30462646484375
-1,35955810546875
-1,4129638671875
-1,467132568359375
-1,5193939208984375
-1,5720367431640625
-1,6239166259765625
-1,6750335693359375
-1,7261505126953125
-1,776123046875
-1,825714111328125
-1,8743515014648438
-1,9227981567382812
-1,9704818725585938
-2,0173072814941406
-2,0635604858398438
-2,109050750732422
-2,153829745414197
-2,1978378295898438
-2,241039276123047
-2,283477783203125
-2,3248672485351562
-2,3656845092773438
-2,405548095703125
-2,4444580078125
-2,4829864501953125
-2,5203704833984375
-2,5562286376953125
-2,591705322265625
-2,62603759765625
-2,65960693359375
-2,692413330078125
-2,72369384765625
-2,75421142578125
-2,783966064453125
-2,812957763671875
-2,83966064453125
-2,8656005859375
-2,890777587890625
-2,91595458984375
-2,9388427734375
-2,960205078125
-2,980804443359375
-3,000640869140625
-3,021240234375
-3,0364990234375
-3,05328369140625
-3,06854248046875
-3,082275390625
-3,09600830078125
-3,106689453125
-3,11737060546875
-3,12652587890625
-3,13568115234375
-3,14178466796875
-3,14788818359375
-3,1524658203125
-3,15399169921875
-3,15704345703125
-3,15704345703125
-3,15704345703125
-3,15704345703125
-3,1524658203125
-3,1494140625
-3,143310546875
-3,13720703125
-3,12957763671875
-3,12042236328125
-3,11126708984375
-3,09906005859375
-3,08685302734375
-3,07159423828125
-3,057861328125
-3,04107666015625
-3,0242919921875
-3,0059814453125
-2,984619140625
-2,9632568359375
-2,94036865234375
-2,91900634765625
-2,89459228515625
-2,86865234375
-2,8411865234375
-2,81219482421875
-2,783203125
-2,75421142578125
-2,72216796875
-2,69012451171875
-2,6580810546875
-2,618408203125
-2,5848388671875
-2,55126953125
-2,5115966796875
-2,471923828125
-2,4322509765625
-2,3895263671875
-2,349853515625
-2,3101806640625
-2,264404296875
-2,2186279296875
-2,1728515625
-2,1240234375
-2,0782470703125
-2,032470703125
-1,983642578125
-1,9317626953125
-1,8798828125
-1,8310546875
-1,776123046875
-1,7242431640625
-1,6693115234375
-1,6143798828125
-1,5625
-1,5045166015625
-1,4495849609375
-1,3916015625
-1,3336181640625
-1,275634765625
-1,21612548828125
-1,1566162109375
-1,09710693359375
-1,03759765625
-0,97503662109375
-0,91400146484375
-0,8514404296875
-0,78887939453125
-0,726318359375
-0,6622314453125
-0,59967041015625
-0,53558349609375
-0,47149658203125
-0,40740966796875
-0,34332275390625
-0,27923583984375
-0,213623046875
-0,14801025390625
-0,0823974609375
-0,018310546875
0,04730224609375
0,1129150390625
0,1800537109375
0,24566650390625
0,30975341796875
0,37689208984375
0,44097900390625
0,50811767578125
0,57373046875
0,6378173828125
0,70343017578125
0,76751708984375
0,8331298828125
0,89569091796875
0,95977783203125
1,02386474609375
1,08795166015625
1,15203857421875
1,214599609375
1,276397705078125
1,338958740234375
1,39923095703125
1,4617919921875
1,52130126953125
1,581573486328125
1,641082763671875
1,700592041015625
1,758575439453125
1,816558837890625
1,873779296875
1,93023681640625
1,9866943359375
2,0416259765625
2,095794677734375
2,1495819091796875
2,202606201171875
2,2541046142578125
2,30560302734375
2,35595703125
2,4059295654296875
2,4547576904296875
2,5026321411132812
2,5493621826171875
2,59552001953125
2,6407241821289062
2,684783935546875
2,727937698364258
2,770090103149414
2,8112411499023438
2,8512954711914062
2,8902053833007812
2,92816162109375
2,9651641845703125
3,0010223388671875
3,0353546142578125
3,069305419921875
3,101348876953125
3,13262939453125
3,162384033203125
3,191375732421875
3,218841552734375
3,24554443359375
3,270721435546875
3,295135498046875
3,318023681640625
3,338623046875
3,359222412109375
3,377532958984375
3,395843505859375
3,411865234375
3,426361083984375
3,44085693359375
3,45306396484375
3,4637451171875
3,47442626953125
3,4820556640625
3,48968505859375
3,4942626953125
3,5003662109375
3,50189208984375
3,50494384765625
3,50341796875
3,50341796875
3,50341796875
3,49884033203125
3,49273681640625
3,485107421875
3,47900390625
3,4698486328125
3,45916748046875
3,44696044921875
3,43475341796875
3,41949462890625
3,40423583984375
3,38592529296875
3,369140625
3,3477783203125
3,32794189453125
3,30352783203125
3,27911376953125
3,2562255859375
3,228759765625
3,2012939453125
3,1707763671875
3,143310546875
3,11126708984375
3,0792236328125
3,045654296875
3,009033203125
2,97393798828125
2,93426513671875
2,8961181640625
2,8564453125
2,8167724609375
2,7740478515625
2,72979736328125
2,685546875
2,6397705078125
2,593994140625
2,5482177734375
2,4993896484375
2,447509765625
2,3956298828125
2,34375
2,294921875
2,239990234375
2,1881103515625
2,1331787109375
2,0751953125
2,0172119140625
1,959228515625
1,9012451171875
1,84326171875
1,7822265625
1,72119140625
1,66015625
1,5960693359375
1,531982421875
1,4678955078125
1,40380859375
1,336669921875
1,2725830078125
1,20849609375
1,141357421875
1,07421875
1,007080078125
0,9368896484375
0,86822509765625
0,799560546875
0,73089599609375
0,66070556640625
0,592041015625
0,52032470703125
0,45013427734375
0,37841796875
0,3082275390625
0,23651123046875
0,16632080078125
0,09307861328125
0,02288818359375
-0,048828125
-0,12054443359375
-0,1922607421875
-0,26397705078125
-0,33721923828125
-0,408935546875
-0,48065185546875
-0,5523681640625
-0,62408447265625
-0,69580078125
-0,7659912109375
-0,83770751953125
-0,909423828125
-0,97808837890625
-1,04827880859375
-1,116943359375
-1,1871337890625
-1,25732421875
-1,32598876953125
-1,39312744140625
-1,46026611328125
-1,52740478515625
-1,59454345703125
-1,66015625
-1,72576904296875
-1,78985595703125
-1,85394287109375
-1,918792724609375
-1,9805908203125
-2,04315185546875
-2,10418701171875
-2,164459228515625
-2,225494384765625
-2,283477783203125
-2,34222412109375
-2,399444580078125
-2,455902099609375
-2,5115966796875
-2,5665283203125
-2,61993408203125
-2,6729583740234375
-2,7248382568359375
-2,77557373046875
-2,825164794921875
-2,873992919921875
-2,9216766357421875
-2,9682159423828125
-3,0138015747070312
-3,0580520629882812
-3,101348876953125
-3,1435012817382812
-3,1843185424804688
-3,224039077758789
-3,2625198364257812
-3,2998085021972656
-3,3357620239257812
-3,37066650390625
-3,4040451049804688
-3,436279296875
-3,466796875
-3,4969329833984375
-3,5251617431640625
-3,5518646240234375
-3,577423095703125
-3,601837158203125
-3,624725341796875
-3,646087646484375
-3,665924072265625
-3,68499755859375
-3,7017822265625
-3,717803955078125
-3,7322998046875
-3,745269775390625
-3,7567138671875
-3,766632080078125
-3,775787353515625
-3,78265380859375
-3,78875732421875
-3,7933349609375
-3,79638671875
-3,79638671875
-3,79791259765625
-3,79638671875
-3,79180908203125
-3,78875732421875
-3,7811279296875
-3,7750244140625
-3,76434326171875
-3,75518798828125
-3,74298095703125
-3,73077392578125
-3,71551513671875
-3,69873046875
-3,68194580078125
-3,66363525390625
-3,64227294921875
-3,62091064453125
-3,5980224609375
-3,5736083984375
-3,546142578125
-3,5186767578125
-3,48968505859375
-3,460693359375
-3,42864990234375
-3,39508056640625
-3,36151123046875
-3,32489013671875
-3,28826904296875
-3,24859619140625
-3,21044921875
-3,16925048828125
-3,12652587890625
-3,08380126953125
-3,03955078125
-2,9937744140625
-2,94647216796875
-2,89764404296875
-2,8472900390625
-2,7984619140625
-2,74810791015625
-2,69317626953125
-2,6397705078125
-2,58636474609375
-2,5299072265625
-2,471923828125
-2,4139404296875
-2,35595703125
-2,2979736328125
-2,2369384765625
-2,1759033203125
-2,1148681640625
-2,0477294921875
-1,9805908203125
-1,91650390625
-1,8524169921875
-1,7852783203125
-1,72119140625
-1,6510009765625
-1,5838623046875
-1,5106201171875
-1,4434814453125
-1,3702392578125
-1,300048828125
-1,2298583984375
-1,1566162109375
-1,0833740234375
-1,0101318359375
-0,9368896484375
-0,8636474609375
-0,787353515625
-0,7110595703125
-0,63629150390625
-0,5615234375
-0,4852294921875
-0,408935546875
-0,33416748046875
-0,25634765625
-0,1800537109375
-0,103759765625
-0,0274658203125
0,05035400390625
0,128173828125
0,2044677734375
0,28076171875
0,35858154296875
0,4364013671875
0,5126953125
0,59051513671875
0,665283203125
0,74310302734375
0,81939697265625
0,8941650390625
0,96893310546875
1,043701171875
1,1199951171875
1,1932373046875
1,2664794921875
1,34124755859375
1,4129638671875
1,4862060546875
1,5594482421875
1,63116455078125
1,70135498046875
1,77154541015625
1,84173583984375
1,910400390625
1,9805908203125
2,044677734375
2,11334228515625
2,178955078125
2,24456787109375
2,30865478515625
2,37274169921875
2,436065673828125
2,497100830078125
2,55889892578125
2,618408203125
2,67791748046875
2,736663818359375
2,793121337890625
2,849578857421875
2,904510498046875
2,9571533203125
3,011322021484375
3,06243896484375
3,11279296875
3,1620025634765625
3,2100677490234375
3,2573699951171875
3,302764892578125
3,3473968505859375
3,3905029296875
3,432464599609375
3,4730911254882812
3,5123825073242188
3,5503387451171875
3,5869598388671875
3,622150421142578
3,6560535430908203
3,6885649113345678
3,719663619995117
3,7492752075195312
3,777599334716797
3,8043975830078125
3,8297653198242188
3,853607177734375
3,875732421875
3,8967132568359375
3,916168212890625
3,934478759765625
3,9508819580078125
3,9653778076171875
3,9791107177734375
3,990936279296875
4,0008544921875
4,010009765625
4,01763916015625
4,022979736328125
4,027557373046875
4,02984619140625
4,030609130859375
4,02984619140625
4,0283203125
4,024505615234375
4,0191650390625
4,0130615234375
4,00390625
3,99322509765625
3,98406982421875
3,9703369140625
3,955078125
3,9398193359375
3,92303466796875
3,9031982421875
3,88336181640625
3,85894775390625
3,83758544921875
3,8116455078125
3,7841796875
3,7567138671875
3,72772216796875
3,69720458984375
3,66363525390625
3,63006591796875
3,59344482421875
3,558349609375
3,52020263671875
3,48052978515625
3,44085693359375
3,3966064453125
3,3538818359375
3,30810546875
3,26385498046875
3,21502685546875
3,167724609375
3,1158447265625
3,06396484375
3,01361083984375
2,960205078125
2,9052734375
2,84881591796875
2,7923583984375
2,734375
2,67333984375
2,61383056640625
2,55279541015625
2,48870849609375
2,4261474609375
2,362060546875
2,29644775390625
2,2308349609375
2,1636962890625
2,0965576171875
2,0263671875
1,9561767578125
1,885986328125
1,8157958984375
1,7425537109375
1,6693115234375
1,5960693359375
1,52587890625
1,4495849609375
1,373291015625
1,2939453125
1,220703125
1,1444091796875
1,0650634765625
0,98876953125
0,909423828125
0,830078125
0,750732421875
0,6744384765625
0,5950927734375
0,5126953125
0,433349609375
0,35247802734375
0,27313232421875
0,1922607421875
0,11138916015625
0,030517578125
-0,0518798828125
-0,13275146484375
-0,213623046875
-0,29296875
-0,3753662109375
-0,45623779296875
-0,53558349609375
-0,61492919921875
-0,69580078125
-0,77667236328125
-0,85601806640625
-0,93536376953125
-1,01470947265625
-1,09405517578125
-1,17340087890625
-1,24969482421875
-1,3275146484375
-1,40533447265625
-1,483154296875
-1,55792236328125
-1,6326904296875
-1,708984375
-1,7822265625
-1,85699462890625
-1,92718505859375
-2,00042724609375
-2,07366943359375
-2,14385986328125
-2,2125244140625
-2,28271484375
-2,35137939453125
-2,4169921875
-2,484130859375
-2,55126953125
-2,61383056640625
-2,67791748046875
-2,740478515625
-2,80303955078125
-2,86407470703125
-2,922821044921875
-2,98004150390625
-3,03802490234375
-3,093719482421875
-3,1494140625
-3,20281982421875
-3,255462646484375
-3,30657958984375
-3,356170654296875
-3,404998779296875
-3,45306396484375
-3,49884033203125
-3,543853759765625
-3,58734130859375
-3,6289215087890625
-3,66973876953125
-3,70941162109375
-3,7471771240234375
-3,783416748046875
-3,818511962890625
-3,852081298828125
-3,8845062255859375
-3,9150238037109375
-3,9442062377929688
-3,97186279296875
-3,9978981018066406
-4,022407531738281
-4,045438766479492
-4,066896438598633
-4,086780548095703
-4,105186462402344
-4,1217803955078125
-4,1370391845703125
-4,150581359863281
-4,16259765625
-4,1728973388671875
-4,181671142578125
-4,1889190673828125
-4,1942596435546875
-4,198455810546875
-4,20074462890625
-4,201507568359375
-4,20074462890625
-4,19769287109375
-4,193878173828125
-4,187774658203125
-4,180145263671875
-4,1717529296875
-4,16107177734375
-4,14886474609375
-4,134368896484375
-4,119110107421875
-4,102325439453125
-4,084014892578125
-4,06341552734375
-4,04052734375
-4,0191650390625
-3,99322509765625
-3,96728515625
-3,93829345703125
-3,9093017578125
-3,8787841796875
-3,84521484375
-3,8116455078125
-3,77655029296875
-3,7384033203125
-3,7017822265625
-3,66058349609375
-3,619384765625
-3,57513427734375
-3,53240966796875
-3,485107421875
-3,4393310546875
-3,3905029296875
-3,3416748046875
-3,289794921875
-3,2379150390625
-3,18450927734375
-3,131103515625
-3,07464599609375
-3,01666259765625
-2,95867919921875
-2,899169921875
-2,838134765625
-2,777099609375
-2,7130126953125
-2,65045166015625
-2,5848388671875
-2,51922607421875
-2,45361328125
-2,3834228515625
-2,31475830078125
-2,24609375
-2,1728515625
-2,1026611328125
-2,03094482421875
-1,95770263671875
-1,8829345703125
-1,8096923828125
-1,7333984375
-1,654052734375
-1,5777587890625
-1,50146484375
-1,422119140625
-1,3458251953125
-1,26953125
-1,1871337890625
-1,1077880859375
-1,0284423828125
-0,946044921875
-0,8636474609375
-0,78125
-0,6988525390625
-0,6134033203125
-0,531005859375
-0,45166015625
-0,3692626953125
-0,2838134765625
-0,1983642578125
-0,1190185546875
-0,0335693359375
0,048828125
0,13427734375
0,2166748046875
0,30059814453125
0,384521484375
0,46844482421875
0,55084228515625
0,63323974609375
0,71563720703125
0,79803466796875
0,8819580078125
0,96282958984375
1,04522705078125
1,1260986328125
1,2054443359375
1,28631591796875
1,3671875
1,446533203125
1,52587890625
1,605224609375
1,6815185546875
1,7578125
1,83563232421875
1,910400390625
1,98516845703125
2,0599365234375
2,13470458984375
2,20489501953125
2,27813720703125
2,349853515625
2,41851806640625
2,48870849609375
2,55584716796875
2,62298583984375
2,69012451171875
2,75726318359375
2,81982421875
2,8839111328125
2,9449462890625
3,0059814453125
3,0670166015625
3,125
3,18145751953125
3,2379150390625
3,2928466796875
3,34625244140625
3,398895263671875
3,45001220703125
3,5003662109375
3,548431396484375
3,594970703125
3,641510009765625
3,685760498046875
3,728485107421875
3,769683837890625
3,81011962890625
3,849029541015625
3,88641357421875
3,9215087890625
3,955841064453125
3,9886474609375
4,0195465087890625
4,048919677734375
4,0771484375
4,1034698486328125
4,128265380859375
4,1515350341796875
4,17327880859375
4,1934967041015625
4,2118072509765625
4,228687286376953
4,2438507080078125
4,2574286460876465
4,2693376541137695
4,279518127441406
4,288196563720703
4,29534912109375
4,300498962402344
4,3041229248046875
4,3060302734375
4,3064117431640625
4,305267333984375
4,302215576171875
4,2972564697265625
4,291534423828125
4,28314208984375
4,27398681640625
4,262542724609375
4,24957275390625
4,235076904296875
4,218292236328125
4,20074462890625
4,180908203125
4,160308837890625
4,137420654296875
4,11376953125
4,087066650390625
4,059600830078125
4,030609130859375
4,000091552734375
3,96881103515625
3,93524169921875
3,900146484375
3,86199951171875
3,8238525390625
3,7841796875
3,74298095703125
3,70025634765625
3,656005859375
3,6102294921875
3,564453125
3,515625
3,466796875
3,4149169921875
3,363037109375
3,30963134765625
3,25469970703125
3,1982421875
3,1402587890625
3,08380126953125
3,021240234375
2,96173095703125
2,90069580078125
2,83660888671875
2,77252197265625
2,7069091796875
2,6397705078125
2,5726318359375
2,50244140625
2,43377685546875
2,36358642578125
2,29034423828125
2,22015380859375
2,14691162109375
2,07061767578125
1,9989013671875
1,922607421875
1,8463134765625
1,76849365234375
1,69219970703125
1,611328125
1,53350830078125
1,45416259765625
1,373291015625
1,2939453125
1,214599609375
1,129150390625
1,0467529296875
0,96435546875
0,87890625
0,799560546875
0,714111328125
0,6317138671875
0,5462646484375
0,4608154296875
0,3753662109375
0,29296875
0,20751953125
0,1251220703125
0,0396728515625
-0,0457763671875
-0,1312255859375
-0,2166748046875
-0,3021240234375
-0,3875732421875
-0,4730224609375
-0,555419921875
-0,640869140625
-0,726318359375
-0,8087158203125
-0,89263916015625
-0,9735107421875
-1,05743408203125
-1,13983154296875
-1,22222900390625
-1,30462646484375
-1,385498046875
-1,46484375
-1,544189453125
-1,62506103515625
-1,702880859375
-1,7822265625
-1,8585205078125
-1,934814453125
-2,01263427734375
-2,08587646484375
-2,16064453125
-2,23388671875
-2,30712890625
-2,37884521484375
-2,4505615234375
-2,520751953125
-2,587890625
-2,6580810546875
-2,7252197265625
-2,789306640625
-2,85491943359375
-2,91748046875
-2,9815673828125
-3,04412841796875
-3,1036376953125
-3,16314697265625
-3,21807861328125
-3,27606201171875
-3,33099365234375
-3,38592529296875
-3,43780517578125
-3,48968505859375
-3,5400390625
-3,5888671875
-3,6346435546875
-3,68194580078125
-3,7261962890625
-3,769683837890625
-3,8116455078125
-3,852081298828125
-3,890228271484375
-3,9276123046875
-3,9642333984375
-3,998565673828125
-4,030609130859375
-4,061126708984375
-4,09088134765625
-4,11834716796875
-4,145050048828125
-4,17022705078125
-4,193115234375
-4,2144775390625
-4,2346954345703125
-4,2530059814453125
-4,2694091796875
-4,2842864990234375
-4,2980194091796875
-4,309272766113281
-4,319572448730469
-4,3277740478515625
-4,334545135498047
-4,339408874511719
-4,342794418334961
-4,344436676939926
-4,344415664672852
-4,3426513671875
-4,339408874511719
-4,334259033203125
-4,327392578125
-4,319190979003906
-4,30908203125
-4,2972564697265625
-4,283905029296875
-4,268646240234375
-4,2522430419921875
-4,2339324951171875
-4,213714599609375
-4,192352294921875
-4,168701171875
-4,145050048828125
-4,11834716796875
-4,090118408203125
-4,06036376953125
-4,0283203125
-3,99627685546875
-3,961944580078125
-3,926849365234375
-3,888702392578125
-3,850555419921875
-3,81011962890625
-3,76739501953125
-3,72314453125
-3,680419921875
-3,6346435546875
-3,58734130859375
-3,5369873046875
-3,4881591796875
-3,43475341796875
-3,38287353515625
-3,33099365234375
-3,2745361328125
-3,21807861328125
-3,16009521484375
-3,1005859375
-3,03955078125
-2,978515625
-2,91595458984375
-2,850341796875
-2,7862548828125
-2,7191162109375
-2,65350341796875
-2,58636474609375
-2,51617431640625
-2,447509765625
-2,37579345703125
-2,30255126953125
-2,2308349609375
-2,1575927734375
-2,081298828125
-2,00653076171875
-1,9317626953125
-1,85394287109375
-1,776123046875
-1,69830322265625
-1,6204833984375
-1,5411376953125
-1,4617919921875
-1,37939453125
-1,300048828125
-1,21612548828125
-1,13525390625
-1,05438232421875
-0,970458984375
-0,88653564453125
-0,8026123046875
-0,7171630859375
-0,634765625
-0,54931640625
-0,4669189453125
-0,3814697265625
-0,2960205078125
-0,2105712890625
-0,1251220703125
-0,042724609375
0,042724609375
0,128173828125
0,213623046875
0,299072265625
0,384521484375
0,4669189453125
0,555419921875
0,6378173828125
0,7232666015625
0,8056640625
0,89111328125
0,9735107421875
1,055908203125
1,1383056640625
1,220703125
1,300048828125
1,3824462890625
1,46026611328125
1,53961181640625
1,6204833984375
1,69830322265625
1,77764892578125
1,8524169921875
1,93023681640625
2,0050048828125
2,081298828125
2,15301513671875
2,227783203125
2,301025390625
2,3712158203125
2,44140625
2,51312255859375
2,5787353515625
2,64892578125
2,716064453125
2,7801513671875
2,84423828125
2,90679931640625
2,9693603515625
3,03192138671875
3,08990478515625
3,1494140625
3,2073974609375
3,26385498046875
3,3172607421875
3,3721923828125
3,42559814453125
3,4759521484375
3,52630615234375
3,57208251953125
3,62091064453125
3,66668701171875
3,70941162109375
3,75213623046875
3,79486083984375
3,8330078125
3,8726806640625
3,9093017578125
3,94287109375
3,977203369140625
4,009246826171875
4,04052734375
4,068756103515625
4,096221923828125
4,122161865234375
4,146575927734375
4,169464111328125
4,1900634765625
4,20989990234375
4,22821044921875
4,24346923828125
4,257965087890625
4,271697998046875
4,282379150390625
4,291534423828125
4,2999267578125
4,3060302734375
4,31060791015625
4,31365966796875
4,3148040771484375
4,314613342285156
4,3125152587890625
4,3087005615234375
4,3033599853515625
4,296398162841797
4,2876482009887695
4,277276992797852
4,265260696411133
4,251575469970703
4,236412048339844
4,2194366455078125
4,200935363769531
4,180717468261719
4,1591644287109375
4,1355133056640625
4,1107177734375
4,084014892578125
4,0561676025390625
4,026031494140625
3,995513916015625
3,96270751953125
3,928375244140625
3,89251708984375
3,85589599609375
3,81622314453125
3,775787353515625
3,73382568359375
3,69110107421875
3,646087646484375
3,600311279296875
3,553009033203125
3,50494384765625
3,455352783203125
3,4027099609375
3,350830078125
3,29742431640625
3,240966796875
3,18603515625
3,1280517578125
3,06854248046875
3,009033203125
2,94647216796875
2,88543701171875
2,8228759765625
2,75726318359375
2,69317626953125
2,62451171875
2,557373046875
2,490234375
2,41851806640625
2,349853515625
2,27813720703125
2,2064208984375
2,1331787109375
2,0599365234375
1,9866943359375
1,90887451171875
1,83563232421875
1,7578125
1,6815185546875
1,6021728515625
1,52435302734375
1,44500732421875
1,36566162109375
1,28631591796875
1,20391845703125
1,123046875
1,04217529296875
0,9613037109375
0,87890625
0,79498291015625
0,71258544921875
0,63018798828125
0,5462646484375
0,46234130859375
0,37994384765625
0,2960205078125
0,213623046875
0,128173828125
0,042724609375
-0,042724609375
-0,1251220703125
-0,20751953125
-0,29296875
-0,37841796875
-0,4608154296875
-0,5401611328125
-0,6256103515625
-0,7080078125
-0,7904052734375
-0,872802734375
-0,9552001953125
-1,031494140625
-1,1138916015625
-1,1962890625
-1,275634765625
-1,35498046875
-1,434326171875
-1,5106201171875
-1,5899658203125
-1,6693115234375
-1,7425537109375
-1,81884765625
-1,8951416015625
-1,9683837890625
-2,0416259765625
-2,1148681640625
-2,1881103515625
-2,25677490234375
-2,3284912109375
-2,398681640625
-2,46429443359375
-2,532958984375
-2,59857177734375
-2,66265869140625
-2,72674560546875
-2,789306640625
-2,8533935546875
-2,91290283203125
-2,972412109375
-3,03192138671875
-3,08837890625
-3,14483642578125
-3,19976806640625
-3,253173828125
-3,30657958984375
-3,35540771484375
-3,40576171875
-3,45458984375
-3,50189208984375
-3,546142578125
-3,5919189453125
-3,63311767578125
-3,67584228515625
-3,71551513671875
-3,75518798828125
-3,79180908203125
-3,826904296875
-3,86199951171875
-3,89404296875
-3,92608642578125
-3,955078125
-3,9825439453125
-4,010009765625
-4,034423828125
-4,058837890625
-4,0802001953125
-4,100799560546875
-4,119873046875
-4,13665771484375
-4,151153564453125
-4,164886474609375
-4,177093505859375
-4,18853759765625
-4,19769287109375
-4,204559326171875
-4,21142578125
-4,2144775390625
-4,217529296875
-4,218292236328125
-4,217529296875
-4,215240478515625
-4,210662841796875
-4,205322265625
-4,1980743408203125
-4,1896820068359375
-4,178810119628906
-4,1667938232421875
-4,152870178222656
-4,137611389160156
-4,120826721191406
-4,102420806884766
-4,082357883453369
-4,060769081115723
-4,037570953369141
-4,012870788574219
-3,9867401123046875
-3,9587020874023438
-3,9295196533203125
-3,89862060546875
-3,8661956787109375
-3,8326263427734375
-3,7975311279296875
-3,7609100341796875
-3,722381591796875
-3,6830902099609375
-3,64227294921875
-3,600311279296875
-3,55682373046875
-3,51104736328125
-3,464508056640625
-3,417205810546875
-3,368377685546875
-3,318023681640625
-3,266143798828125
-3,212738037109375
-3,159332275390625
-3,104400634765625
-3,047943115234375
-2,99072265625
-2,93121337890625
-2,8717041015625
-2,81219482421875
-2,74810791015625
-2,685546875
-2,62298583984375
-2,557373046875
-2,49176025390625
-2,42462158203125
-2,35748291015625
-2,288818359375
-2,22015380859375
-2,14691162109375
-2,0782470703125
-2,0050048828125
-1,93328857421875
-1,86004638671875
-1,78680419921875
-1,71051025390625
-1,6357421875
-1,5594482421875
-1,483154296875
-1,4068603515625
-1,33056640625
-1,24969482421875
-1,171875
-1,092529296875
-1,01470947265625
-0,93536376953125
-0,8544921875
-0,77667236328125
-0,69580078125
-0,6134033203125
-0,531005859375
-0,45166015625
-0,3692626953125
-0,2899169921875
-0,20751953125
-0,12664794921875
-0,04425048828125
0,03662109375
0,11749267578125
0,1983642578125
0,27923583984375
0,360107421875
0,439453125
0,5218505859375
0,6011962890625
0,68359375
0,7598876953125
0,8392333984375
0,921630859375
1,0009765625
1,0772705078125
1,1566162109375
1,2359619140625
1,312255859375
1,385498046875
1,4617919921875
1,5350341796875
1,6082763671875
1,6845703125
1,7578125
1,8280029296875
1,904296875
1,9744873046875
2,0416259765625
2,11181640625
2,178955078125
2,24609375
2,313232421875
2,37884521484375
2,44293212890625
2,508544921875
2,57110595703125
2,63214111328125
2,69317626953125
2,752685546875
2,81219482421875
2,86865234375
2,92510986328125
2,978515625
3,033447265625
3,08685302734375
3,13720703125
3,18756103515625
3,23638916015625
3,28369140625
3,33099365234375
3,375244140625
3,4210205078125
3,460693359375
3,50341796875
3,5430908203125
3,58123779296875
3,61785888671875
3,65447998046875
3,68804931640625
3,7200927734375
3,75213623046875
3,77960205078125
3,80859375
3,8360595703125
3,8604736328125
3,8848876953125
3,90625
3,9276123046875
3,9459228515625
3,9642333984375
3,98101806640625
3,99627685546875
4,00848388671875
4,0191650390625
4,029083251953125
4,0374755859375
4,044342041015625
4,0496826171875
4,053497314453125
4,0557861328125
4,0557861328125
4,05426025390625
4,051971435546875
4,047393798828125
4,041290283203125
4,034423828125
4,026031494140625
4,015350341796875
4,0027618408203125
3,989410400390625
3,9745330810546875
3,9577484130859375
3,9398193359375
3,9203643798828125
3,8991928100585938
3,876495361328125
3,8524627685546875
3,826904296875
3,799915313720703
3,7714481353759766
3,7415394190166094
3,710174560546875
3,6774635314941406
3,643321990966797
3,6077499389648438
3,5711288452148438
3,5326004028320312
3,4931182861328125
3,452301025390625
3,409576416015625
3,3664703369140625
3,32183837890625
3,2756805419921875
3,2283782958984375
3,179931640625
3,130340576171875
3,0792236328125
3,02734375
2,97393798828125
2,91900634765625
2,864837646484375
2,808380126953125
2,750396728515625
2,691650390625
2,632904052734375
2,571868896484375
2,510833740234375
2,44903564453125
2,38494873046875
2,32086181640625
2,2552490234375
2,18963623046875
2,1240234375
2,05535888671875
1,98822021484375
1,9195556640625
1,849365234375
1,7791748046875
1,708984375
1,63726806640625
1,5655517578125
1,4923095703125
1,4190673828125
1,3458251953125
1,27105712890625
1,19781494140625
1,123046875
1,0467529296875
0,970458984375
0,8941650390625
0,81939697265625
0,7415771484375
0,665283203125
0,5889892578125
0,5126953125
0,43487548828125
0,3570556640625
0,28076171875
0,201416015625
0,12359619140625
0,04425048828125
-0,03204345703125
-0,10986328125
-0,1861572265625
-0,262451171875
-0,34027099609375
-0,41656494140625
-0,494384765625
-0,5706787109375
-0,64544677734375
-0,7232666015625
-0,7965087890625
-0,8697509765625
-0,946044921875
-1,0223388671875
-1,0955810546875
-1,1688232421875
-1,2420654296875
-1,3153076171875
-1,385498046875
-1,458740234375
-1,5289306640625
-1,59912109375
-1,666259765625
-1,7364501953125
-1,8035888671875
-1,8707275390625
-1,9378662109375
-2,0050048828125
-2,069091796875
-2,1331787109375
-2,191162109375
-2,25830078125
-2,3162841796875
-2,38037109375
-2,4383544921875
-2,49481201171875
-2,5543212890625
-2,6092529296875
-2,66571044921875
-2,7191162109375
-2,77099609375
-2,8228759765625
-2,874755859375
-2,92510986328125
-2,97393798828125
-3,021240234375
-3,06549072265625
-3,11279296875
-3,155517578125
-3,1982421875
-3,2379150390625
-3,27911376953125
-3,3172607421875
-3,3538818359375
-3,3905029296875
-3,424072265625
-3,45916748046875
-3,48968505859375
-3,52020263671875
-3,55072021484375
-3,57666015625
-3,6041259765625
-3,6285400390625
-3,65142822265625
-3,67431640625
-3,69415283203125
-3,7139892578125
-3,73077392578125
-3,74755859375
-3,76129150390625
-3,77655029296875
-3,7872314453125
-3,79791259765625
-3,80706787109375
-3,814697265625
-3,82080078125
-3,82537841796875
-3,826904296875
-3,82843017578125
-3,8299560546875
-3,82843017578125
-3,82537841796875
-3,821563720703125
-3,815460205078125
-3,80859375
-3,798675537109375
-3,787994384765625
-3,77655029296875
-3,763580322265625
-3,74908447265625
-3,733062744140625
-3,71551513671875
-3,696441650390625
-3,6769866943359375
-3,655242919921875
-3,6319732666015625
-3,6075592041015625
-3,5816192626953125
-3,554534912109375
-3,5259246826171875
-3,4959793090820312
-3,4646987915039062
-3,4322738647460938
-3,3985137939453125
-3,3634185791015625
-3,327012062072754
-3,2893776893615723
-3,2505035400390625
-3,21044921875
-3,1690597534179688
-3,1267166137695312
-3,083038330078125
-3,0382156372070312
-2,99224853515625
-2,9453277587890625
-2,8972625732421875
-2,848052978515625
-2,797698974609375
-2,7462005615234375
-2,693939208984375
-2,640533447265625
-2,587127685546875
-2,53143310546875
-2,474212646484375
-2,417755126953125
-2,359771728515625
-2,301025390625
-2,24151611328125
-2,18048095703125
-2,120208740234375
-2,057647705078125
-1,995849609375
-1,9317626953125
-1,86767578125
-1,80206298828125
-1,7364501953125
-1,67236328125
-1,60369873046875
-1,5380859375
-1,46942138671875
-1,40228271484375
-1,3336181640625
-1,26495361328125
-1,19476318359375
-1,12457275390625
-1,0528564453125
-0,982666015625
-0,9124755859375
-0,84075927734375
-0,76904296875
-0,6988525390625
-0,6256103515625
-0,55389404296875
-0,48065185546875
-0,408935546875
-0,335693359375
-0,262451171875
-0,19073486328125
-0,1190185546875
-0,0457763671875
0,0274658203125
0,09918212890625
0,1708984375
0,244140625
0,31585693359375
0,3875732421875
0,45928955078125
0,52947998046875
0,6011962890625
0,67138671875
0,74310302734375
0,81329345703125
0,8819580078125
0,95062255859375
1,02081298828125
1,0894775390625
1,1566162109375
1,2237548828125
1,2908935546875
1,3580322265625
1,422119140625
1,4892578125
1,5533447265625
1,6204833984375
1,678466796875
1,739501953125
1,8035888671875
1,8646240234375
1,9256591796875
1,983642578125
2,044677734375
2,099609375
2,1575927734375
2,2125244140625
2,2674560546875
2,3223876953125
2,374267578125
2,42919921875
2,4749755859375
2,52685546875
2,57568359375
2,6275634765625
2,67181396484375
2,71759033203125
2,7618408203125
2,8045654296875
2,84881591796875
2,89154052734375
2,9296875
2,97088623046875
3,00750732421875
3,04412841796875
3,08074951171875
3,11279296875
3,1463623046875
3,1768798828125
3,21044921875
3,2379150390625
3,26690673828125
3,29132080078125
3,3172607421875
3,34320068359375
3,36456298828125
3,38592529296875
3,40576171875
3,42559814453125
3,4423828125
3,4576416015625
3,472900390625
3,48663330078125
3,49884033203125
3,50799560546875
3,5186767578125
3,52630615234375
3,5308837890625
3,53851318359375
3,54156494140625
3,5430908203125
3,54461669921875
3,5430908203125
3,54461669921875
3,53851318359375
3,53546142578125
3,52935791015625
3,52325439453125
3,51409912109375
3,502655029296875
3,491973876953125
3,47900390625
3,46527099609375
3,45001220703125
3,433990478515625
3,41644287109375
3,3966064453125
3,37677001953125
3,354644775390625
3,331756591796875
3,307342529296875
3,281402587890625
3,255462646484375
3,22723388671875
3,1982421875
3,167724609375
3,13568115234375
3,1032562255859375
3,069305419921875
3,0344009399414062
2,9979705810546875
2,9607772827148438
2,9222488403320312
2,882862091064453
2,842235565185547
2,800607681274414
2,7579545974731445
2,714252471923828
2,6696205139160156
2,6241302490234375
2,5774002075195312
2,5297164916992188
2,4814605712890625
2,4318695068359375
2,38189697265625
2,330780029296875
2,2785186767578125
2,2258758544921875
2,1724700927734375
2,117919921875
2,06298828125
2,007293701171875
1,950836181640625
1,89361572265625
1,83563232421875
1,776885986328125
1,7181396484375
1,65863037109375
1,59759521484375
1,53656005859375
1,47552490234375
1,413726806640625
1,351165771484375
1,287841796875
1,22528076171875
1,1627197265625
1,0986328125
1,0345458984375
0,9674072265625
0,9033203125
0,8392333984375
0,77362060546875
0,7080078125
0,64239501953125
0,5767822265625
0,51116943359375
0,44403076171875
0,37689208984375
0,311279296875
0,24566650390625
0,177001953125
0,11138916015625
0,04425048828125
-0,02288818359375
-0,0885009765625
-0,15411376953125
-0,2197265625
-0,28533935546875
-0,3509521484375
-0,41656494140625
-0,48065185546875
-0,5462646484375
-0,61187744140625
-0,67596435546875
-0,74005126953125
-0,8026123046875
-0,86669921875
-0,92926025390625
-0,9918212890625
-1,0528564453125
-1,11541748046875
-1,1749267578125
-1,2359619140625
-1,2969970703125
-1,35498046875
-1,4129638671875
-1,470947265625
-1,5289306640625
-1,5838623046875
-1,641845703125
-1,69677734375
-1,751708984375
-1,806640625
-1,8585205078125
-1,910400390625
-1,9622802734375
-2,0111083984375
-2,06298828125
-2,11181640625
-2,16064453125
-2,2064208984375
-2,252197265625
-2,294921875
-2,3406982421875
-2,386474609375
-2,4261474609375
-2,4688720703125
-2,5115966796875
-2,545166015625
-2,5848388671875
-2,62451171875
-2,6611328125
-2,6947021484375
-2,728271484375
-2,76336669921875
-2,79388427734375
-2,825927734375
-2,85491943359375
-2,880859375
-2,90985107421875
-2,935791015625
-2,96173095703125
-2,984619140625
-3,0059814453125
-3,02886962890625
-3,04718017578125
-3,06854248046875
-3,08685302734375
-3,10211181640625
-3,11737060546875
-3,131103515625
-3,14483642578125
-3,15399169921875
-3,16619873046875
-3,17535400390625
-3,1829833984375
-3,19061279296875
-3,1951904296875
-3,19976806640625
-3,2012939453125
-3,20281982421875
-3,20587158203125
-3,20281982421875
-3,2012939453125
-3,19671630859375
-3,19366455078125
-3,18756103515625
-3,18145751953125
-3,1707763671875
-3,16314697265625
-3,1524658203125
-3,14178466796875
-3,1280517578125
-3,11279296875
-3,09906005859375
-3,082275390625
-3,06396484375
-3,044891357421875
-3,02581787109375
-3,00445556640625
-2,9815673828125
-2,957916259765625
-2,933502197265625
-2,90679931640625
-2,881622314453125
-2,8533935546875
-2,82440185546875
-2,79388427734375
-2,764129638671875
-2,7317047119140625
-2,698516845703125
-2,6645660400390625
-2,6294708251953125
-2,593994140625
-2,556610107421875
-2,5188446044921875
-2,480316162109375
-2,4408340454101562
-2,40020751953125
-2,3588180541992188
-2,316570281982422
-2,2735118865966797
-2,2296621121276297
-2,1849632263183594
-2,139568328857422
-2,0934104919433594
-2,0463943481445312
-1,9987106323242188
-1,9502639770507812
-1,9012451171875
-1,851654052734375
-1,801300048828125
-1,75018310546875
-1,699066162109375
-1,64642333984375
-1,5941619873046875
-1,5411376953125
-1,486968994140625
-1,43280029296875
-1,378631591796875
-1,32293701171875
-1,26800537109375
-1,2115478515625
-1,154327392578125
-1,097869873046875
-1,041412353515625
-0,983428955078125
-0,92620849609375
-0,868988037109375
-0,81024169921875
-0,75225830078125
-0,69427490234375
-0,63323974609375
-0,57525634765625
-0,5157470703125
-0,45623779296875
-0,39825439453125
-0,3387451171875
-0,27923583984375
-0,22125244140625
-0,1617431640625
-0,1007080078125
-0,042724609375
0,01678466796875
0,0762939453125
0,13580322265625
0,19378662109375
0,25177001953125
0,30975341796875
0,3692626953125
0,42724609375
0,4852294921875
0,543212890625
0,59967041015625
0,65460205078125
0,7110595703125
0,76751708984375
0,823974609375
0,87890625
0,933837890625
0,98876953125
1,043701171875
1,0955810546875
1,1474609375
1,1993408203125
1,25274658203125
1,30462646484375
1,35498046875
1,40380859375
1,45263671875
1,50299072265625
1,55029296875
1,59912109375
1,6448974609375
1,690673828125
1,7333984375
1,7822265625
1,824951171875
1,86767578125
1,910400390625
1,953125
1,9927978515625
2,032470703125
2,069091796875
2,105712890625
2,1453857421875
2,1820068359375
2,2186279296875
2,252197265625
2,2857666015625
2,3162841796875
2,3468017578125
2,38037109375
2,410888671875
2,4383544921875
2,4658203125
2,490234375
2,5177001953125
2,5421142578125
2,5665283203125
2,587890625
2,6092529296875
2,630615234375
2,64892578125
2,66876220703125
2,685546875
2,7008056640625
2,71759033203125
2,7313232421875
2,7435302734375
2,7557373046875
2,76641845703125
2,777099609375
2,78472900390625
2,7923583984375
2,7984619140625
2,80303955078125
2,8076171875
2,81219482421875
2,81219482421875
2,81524658203125
2,813720703125
2,81219482421875
2,8106689453125
2,80609130859375
2,80303955078125
2,79693603515625
2,789306640625
2,78167724609375
2,7740478515625
2,76336669921875
2,75421142578125
2,740478515625
2,728271484375
2,71453857421875
2,69775390625
2,6824951171875
2,667236328125
2,64739990234375
2,62908935546875
2,60772705078125
2,58636474609375
2,565765380859375
2,542877197265625
2,51922607421875
2,494049072265625
2,4688720703125
2,44140625
2,4139404296875
2,385711669921875
2,356719970703125
2,326202392578125
2,295684814453125
2,263641357421875
2,231597900390625
2,198028564453125
2,1636962890625
2,1289825439453125
2,0931243896484375
2,0565032958984375
2,0191192626953125
1,981353759765625
1,9428253173828125
1,903533935546875
1,8636703491210938
1,8230438232421875
1,7818450927734375
1,7400741577148438
1,6976118087768555
1,654660701751709
1,6111373901367188
1,56707763671875
1,5224456787109375
1,4774322509765625
1,4318466186523438
1,3856887817382812
1,338958740234375
1,29241943359375
1,2451171875
1,197052001953125
1,1493682861328125
1,1005401611328125
1,052093505859375
1,00250244140625
0,95367431640625
0,904083251953125
0,8544921875
0,80413818359375
0,7537841796875
0,70343017578125
0,653076171875
0,601959228515625
0,551605224609375
0,49896240234375
0,4486083984375
0,397491455078125
0,34637451171875
0,2960205078125
0,244140625
0,1922607421875
0,140380859375
0,09002685546875
0,0396728515625
-0,01220703125
-0,06256103515625
-0,1129150390625
-0,164794921875
-0,213623046875
-0,2655029296875
-0,3143310546875
-0,36468505859375
-0,4150390625
-0,4638671875
-0,5126953125
-0,5615234375
-0,61187744140625
-0,6591796875
-0,7049560546875
-0,7537841796875
-0,80108642578125
-0,84686279296875
-0,89263916015625
-0,93994140625
-0,98419189453125
-1,0284423828125
-1,07269287109375
-1,116943359375
-1,15966796875
-1,202392578125
-1,2451171875
-1,28631591796875
-1,3275146484375
-1,3671875
-1,4068603515625
-1,446533203125
-1,4862060546875
-1,5228271484375
-1,5594482421875
-1,5960693359375
-1,63116455078125
-1,666259765625
-1,702880859375
-1,7364501953125
-1,763916015625
-1,7974853515625
-1,8310546875
-1,861572265625
-1,89208984375
-1,9195556640625
-1,9500732421875
-1,9744873046875
-1,9989013671875
-2,0233154296875
-2,05078125
-2,0751953125
-2,099609375
-2,1240234375
-2,142333984375
-2,16064453125
-2,1820068359375
-2,2003173828125
-2,2186279296875
-2,23388671875
-2,252197265625
-2,2674560546875
-2,2796630859375
-2,2918701171875
-2,3040771484375
-2,31781005859375
-2,32696533203125
-2,33612060546875
-2,34527587890625
-2,35137939453125
-2,3590087890625
-2,3651123046875
-2,36968994140625
-2,374267578125
-2,3773193359375
-2,38037109375
-2,37884521484375
-2,38037109375
-2,38037109375
-2,3773193359375
-2,37579345703125
-2,37274169921875
-2,36663818359375
-2,362060546875
-2,35595703125
-2,34832763671875
-2,3406982421875
-2,33154296875
-2,3223876953125
-2,31170654296875
-2,29949951171875
-2,28729248046875
-2,2735595703125
-2,25982666015625
-2,24456787109375
-2,22930908203125
-2,2125244140625
-2,19573974609375
-2,17742919921875
-2,1575927734375
-2,1392822265625
-2,11639404296875
-2,0965576171875
-2,0751953125
-2,05078125
-2,02789306640625
-2,002716064453125
-1,9775390625
-1,95159912109375
-1,9256591796875
-1,898956298828125
-1,8707275390625
-1,842498779296875
-1,812744140625
-1,78375244140625
-1,752471923828125
-1,721954345703125
-1,689910888671875
-1,657867431640625
-1,62506103515625
-1,5918731689453125
-1,55792236328125
-1,523590087890625
-1,4892578125
-1,4537811279296875
-1,4179229736328125
-1,3818740844726562
-1,3448715209960938
-1,3080596923828125
-1,270294189453125
-1,2324333190917969
-1,1940956115722656
-1,155412197113037
-1,1163949966430664
-1,0770797729492188
-1,0374069213867188
-0,997161865234375
-0,9569168090820312
-0,9166717529296875
-0,8758544921875
-0,83465576171875
-0,79345703125
-0,75225830078125
-0,7106781005859375
-0,669097900390625
-0,62713623046875
-0,585174560546875
-0,543212890625
-0,50048828125
-0,458526611328125
-0,415802001953125
-0,37384033203125
-0,330352783203125
-0,287628173828125
-0,24566650390625
-0,20294189453125
-0,160980224609375
-0,118255615234375
-0,0762939453125
-0,0335693359375
0,0091552734375
0,05035400390625
0,09307861328125
0,13275146484375
0,17547607421875
0,21820068359375
0,2593994140625
0,299072265625
0,34027099609375
0,37994384765625
0,421142578125
0,4608154296875
0,50048828125
0,53863525390625
0,5767822265625
0,616455078125
0,65460205078125
0,6927490234375
0,73089599609375
0,76751708984375
0,8056640625
0,84075927734375
0,87738037109375
0,9124755859375
0,94757080078125
0,98114013671875
1,0162353515625
1,0498046875
1,0833740234375
1,116943359375
1,1474609375
1,177978515625
1,20849609375
1,24053955078125
1,27105712890625
1,300048828125
1,3275146484375
1,35650634765625
1,38397216796875
1,409912109375
1,4373779296875
1,46026611328125
1,4862060546875
1,5106201171875
1,5350341796875
1,5594482421875
1,580810546875
1,605224609375
1,62353515625
1,641845703125
1,6632080078125
1,678466796875
1,6998291015625
1,7181396484375
1,7333984375
1,7486572265625
1,7669677734375
1,776123046875
1,788330078125
1,806640625
1,8157958984375
1,8280029296875
1,8402099609375
1,849365234375
1,861572265625
1,8646240234375
1,873779296875
1,8829345703125
1,8890380859375
1,89361572265625
1,898193359375
1,9012451171875
1,90582275390625
1,9073486328125
1,910400390625
1,90887451171875
1,910400390625
1,910400390625
1,90887451171875
1,90582275390625
1,904296875
1,89971923828125
1,89666748046875
1,89056396484375
1,88446044921875
1,8798828125
1,8707275390625
1,86309814453125
1,85546875
1,8463134765625
1,8341064453125
1,824951171875
1,81427001953125
1,80206298828125
1,788330078125
1,776123046875
1,7608642578125
1,74713134765625
1,73187255859375
1,715087890625
1,6998291015625
1,6815185546875
1,66473388671875
1,64642333984375
1,6265869140625
1,6082763671875
1,58843994140625
1,56707763671875
1,54571533203125
1,52587890625
1,50299072265625
1,48162841796875
1,4556884765625
1,434326171875
1,409149169921875
1,384735107421875
1,35955810546875
1,334381103515625
1,308441162109375
1,28173828125
1,255035400390625
1,22833251953125
1,200103759765625
1,172637939453125
1,1444091796875
1,11541748046875
1,08642578125
1,0570526123046875
1,027679443359375
0,9975433349609375
0,9677886962890625
0,9372711181640625
0,9067535400390625
0,8756637573242188
0,844573974609375
0,8129119873046875
0,7813453674316406
0,7494926452636719
0,7175445556640625
0,6853478812184693
0,653076171875
0,6205558776855469
0,5881309509277344
0,555419921875
0,522613525390625
0,48961639404296875
0,457000732421875
0,4238128662109375
0,390625
0,357818603515625
0,3246307373046875
0,29144287109375
0,25787353515625
0,225067138671875
0,1922607421875
0,15869140625
0,12664794921875
0,093841552734375
0,060272216796875
0,028228759765625
-0,00457763671875
-0,03662109375
-0,06866455078125
-0,1007080078125
-0,133514404296875
-0,165557861328125
-0,1953125
-0,2288818359375
-0,25787353515625
-0,2899169921875
-0,3204345703125
-0,35247802734375
-0,3814697265625
-0,4119873046875
-0,44097900390625
-0,47149658203125
-0,50048828125
-0,5279541015625
-0,55694580078125
-0,5859375
-0,6134033203125
-0,640869140625
-0,66986083984375
-0,69427490234375
-0,72021484375
-0,74615478515625
-0,7720947265625
-0,79803466796875
-0,823974609375
-0,84686279296875
-0,87127685546875
-0,89569091796875
-0,91705322265625
-0,93994140625
-0,9613037109375
-0,982666015625
-1,0040283203125
-1,025390625
-1,04522705078125
-1,0650634765625
-1,08489990234375
-1,10321044921875
-1,1199951171875
-1,13983154296875
-1,1566162109375
-1,17340087890625
-1,1871337890625
-1,20391845703125
-1,21917724609375
-1,23291015625
-1,2481689453125
-1,2603759765625
-1,2725830078125
-1,2847900390625
-1,2969970703125
-1,3092041015625
-1,3214111328125
-1,33056640625
-1,3397216796875
-1,348876953125
-1,35498046875
-1,361083984375
-1,3702392578125
-1,3763427734375
-1,3824462890625
-1,3885498046875
-1,3946533203125
-1,397705078125
-1,4007568359375
-1,4068603515625
-1,4068603515625
-1,409912109375
-1,409912109375
-1,409912109375
-1,4129638671875
-1,41143798828125
-1,41143798828125
-1,409912109375
-1,4068603515625
-1,40533447265625
-1,40228271484375
-1,397705078125
-1,3946533203125
-1,39007568359375
-1,38397216796875
-1,37786865234375
-1,37176513671875
-1,36566162109375
-1,35955810546875
-1,35040283203125
-1,3427734375
-1,3336181640625
-1,324462890625
-1,31683349609375
-1,30462646484375
-1,2939453125
-1,28326416015625
-1,2725830078125
-1,2603759765625
-1,2481689453125
-1,23443603515625
-1,220703125
-1,20849609375
-1,1932373046875
-1,17950439453125
-1,16424560546875
-1,14898681640625
-1,13372802734375
-1,116943359375
-1,1016845703125
-1,08489990234375
-1,06658935546875
-1,0498046875
-1,02996826171875
-1,01318359375
-0,99334716796875
-0,97503662109375
-0,958251953125
-0,93841552734375
-0,9185791015625
-0,897979736328125
-0,87890625
-0,858306884765625
-0,83770751953125
-0,81634521484375
-0,795745849609375
-0,775146484375
-0,753021240234375
-0,73089599609375
-0,70953369140625
-0,687408447265625
-0,666046142578125
-0,643157958984375
-0,6206512451171875
-0,5977630615234375
-0,57525634765625
-0,5523681640625
-0,52947998046875
-0,506591796875
-0,48370361328125
-0,4604339599609375
-0,437164306640625
-0,4138946533203125
-0,39081573486328125
-0,3674507141113281
-0,34410953521728516
-0,32078027725219727
-0,2974510192871094
-0,2741813659667969
-0,25081634521484375
-0,22754669189453125
-0,20427703857421875
-0,1811981201171875
-0,157928466796875
-0,1346588134765625
-0,1117706298828125
-0,0888824462890625
-0,0659942626953125
-0,043487548828125
-0,020599365234375
0,00152587890625
0,023651123046875
0,046539306640625
0,06866455078125
0,09002685546875
0,112152099609375
0,13427734375
0,154876708984375
0,176239013671875
0,197601318359375
0,21820068359375
0,238800048828125
0,2593994140625
0,27923583984375
0,299072265625
0,31890869140625
0,3387451171875
0,35858154296875
0,3753662109375
0,39520263671875
0,4119873046875
0,4302978515625
0,4486083984375
0,4669189453125
0,48370361328125
0,50048828125
0,51727294921875
0,5340576171875
0,54931640625
0,56610107421875
0,58135986328125
0,59661865234375
0,61187744140625
0,62408447265625
0,6378173828125
0,653076171875
0,665283203125
0,67901611328125
0,6927490234375
0,70343017578125
0,71563720703125
0,726318359375
0,738525390625
0,74920654296875
0,7598876953125
0,76904296875
0,7781982421875
0,78887939453125
0,79803466796875
0,8056640625
0,81329345703125
0,82244873046875
0,830078125
0,836181640625
0,84075927734375
0,848388671875
0,85296630859375
0,860595703125
0,8636474609375
0,86669921875
0,872802734375
0,8758544921875
0,8819580078125
0,885009765625
0,885009765625
0,89111328125
0,89111328125
0,8880615234375
0,89111328125
0,89111328125
0,8941650390625
0,8941650390625
0,8941650390625
0,8941650390625
0,8941650390625
0,89111328125
0,89111328125
0,8880615234375
0,885009765625
0,885009765625
0,8819580078125
0,87890625
0,87127685546875
0,86669921875
0,8636474609375
0,8575439453125
0,8514404296875
0,84686279296875
0,84228515625
0,83465576171875
0,82855224609375
0,82244873046875
0,81634521484375
0,8087158203125
0,80108642578125
0,79193115234375
0,7843017578125
0,775146484375
0,76904296875
0,75836181640625
0,74920654296875
0,7415771484375
0,73089599609375
0,72174072265625
0,71258544921875
0,70037841796875
0,69122314453125
0,67901611328125
0,6683349609375
0,65765380859375
0,64849853515625
0,63629150390625
0,62408447265625
0,6134033203125
0,60272216796875
0,59051513671875
0,57525634765625
0,56304931640625
0,55084228515625
0,5401611328125
0,52642822265625
0,51422119140625
0,50048828125
0,48980712890625
0,47454833984375
0,46234130859375
0,449371337890625
0,435638427734375
0,42266845703125
0,409698486328125
0,395965576171875
0,382232666015625
0,3692626953125
0,35552978515625
0,341796875
0,32806396484375
0,3143310546875
0,30059814453125
0,287628173828125
0,273895263671875
0,2597808837890625
0,246429443359375
0,2330780029296875
0,2197265625
0,20599365234375
0,1926422119140625
0,17910003662109375
0,16574859619140625
0,152587890625
0,139617919921875
0,12636184692382812
0,11339187622070312
0,10042190551757812
0,0875711441040039
0,07486343383789062
0,062274932861328125
0,049591064453125
0,03719329833984375
0,02498626708984375
0,0125885009765625
0,000762939453125
-0,0110626220703125
-0,02288818359375
-0,0347137451171875
-0,0461578369140625
-0,0576019287109375
-0,06866455078125
-0,079345703125
-0,09002685546875
-0,101470947265625
-0,11138916015625
-0,1220703125
-0,131988525390625
-0,142669677734375
-0,152587890625
-0,1617431640625
-0,1708984375
-0,180816650390625
-0,189971923828125
-0,199127197265625
-0,20751953125
-0,21514892578125
-0,22430419921875
-0,23193359375
-0,23956298828125
-0,24871826171875
-0,25482177734375
-0,26397705078125
-0,2685546875
-0,27618408203125
-0,2838134765625
-0,2899169921875
-0,2960205078125
-0,3021240234375
-0,30517578125
-0,31280517578125
-0,3173828125
-0,32196044921875
-0,3265380859375
-0,33111572265625
-0,335693359375
-0,34027099609375
-0,34332275390625
-0,347900390625
-0,3509521484375
-0,35400390625
-0,35858154296875
-0,360107421875
-0,3631591796875
-0,3662109375
-0,36773681640625
-0,37078857421875
-0,372314453125
-0,37384033203125
-0,3753662109375
-0,3753662109375
-0,3753662109375
-0,3753662109375
-0,37689208984375
-0,37689208984375
-0,37689208984375
-0,37689208984375
-0,37689208984375
-0,37689208984375
-0,3753662109375
-0,3753662109375
-0,3753662109375
-0,372314453125
-0,372314453125
-0,3692626953125
-0,3692626953125
-0,3662109375
-0,3631591796875
-0,3631591796875
-0,360107421875
-0,3570556640625
-0,35400390625
-0,3509521484375
-0,347900390625
-0,3448486328125
-0,341796875
-0,3387451171875
-0,335693359375
-0,3326416015625
-0,32958984375
-0,323486328125
-0,3173828125
-0,3143310546875
-0,311279296875
-0,30670166015625
-0,3021240234375
-0,29754638671875
-0,29296875
-0,28839111328125
-0,2838134765625
-0,27923583984375
-0,274658203125
-0,2685546875
-0,262451171875
-0,25787353515625
-0,25177001953125
-0,2471923828125
-0,24261474609375
-0,238037109375
-0,23193359375
-0,22735595703125
-0,22125244140625
-0,2166748046875
-0,2105712890625
-0,20599365234375
-0,19989013671875
-0,1953125
-0,189208984375
-0,18463134765625
-0,17852783203125
-0,17242431640625
-0,1678466796875
-0,16326904296875
-0,15716552734375
-0,152587890625
-0,146484375
-0,14190673828125
-0,1373291015625
-0,13275146484375
-0,12664794921875
-0,1220703125
-0,115966796875
-0,11138916015625
-0,1068115234375
-0,10223388671875
-0,09765625
-0,09307861328125
-0,0885009765625
-0,08392333984375
-0,079345703125
-0,07476806640625
-0,0701904296875
-0,066375732421875
-0,06256103515625
-0,058746337890625
-0,054931640625
-0,051116943359375
-0,04730224609375
-0,043487548828125
-0,040435791015625
-0,037384033203125
-0,0339508056640625
-0,0308990478515625
-0,0278472900390625
-0,025177001953125
-0,022125244140625
-0,01983642578125
-0,017547607421875
-0,01506805419921875
-0,01277923583984375
-0,01087188720703125
-0,0087738037109375
-0,006961822509765625
-0,0052928924560546875
-0,003699492590613718
-0,0022411346435546875
-0,00095367431640625
0,000286102294921875
0,00133514404296875
0,00209808349609375
0,00286102294921875
0,003814697265625
0,0041961669921875
0,0041961669921875
0,00457763671875
0,00457763671875
0,00457763671875
0,0049591064453125
0,00457763671875
0,003814697265625
0,0030517578125
0,002288818359375
0,00152587890625
0,000762939453125
0,0
-0,00152587890625
-0,002288818359375
-0,003814697265625
-0,005340576171875
-0,006866455078125
-0,0091552734375
-0,01220703125
-0,01220703125
-0,0152587890625
-0,01678466796875
-0,018310546875
-0,01983642578125
-0,0244140625
-0,0274658203125
-0,02899169921875
-0,03204345703125
-0,03509521484375
-0,03814697265625
-0,0396728515625
-0,04425048828125
-0,04730224609375
-0,05035400390625
-0,05340576171875
-0,0579833984375
-0,06103515625
-0,0640869140625
-0,06866455078125
-0,07171630859375
-0,07476806640625
-0,08087158203125
-0,08392333984375
-0,08697509765625
-0,091552734375
-0,0946044921875
-0,09918212890625
-0,103759765625
-0,1068115234375
-0,11138916015625
-0,115966796875
-0,1190185546875
-0,12359619140625
-0,12664794921875
-0,13275146484375
-0,13580322265625
-0,140380859375
-0,14495849609375
-0,14801025390625
-0,152587890625
-0,15716552734375
-0,16021728515625
-0,164794921875
-0,1708984375
-0,1708984375
-0,1739501953125
-0,1800537109375
-0,1800537109375
-0,1861572265625
-0,189208984375
-0,1922607421875
-0,1983642578125
-0,201416015625
-0,2044677734375
-0,20751953125
-0,20751953125
-0,213623046875
-0,2166748046875
-0,2197265625
-0,2227783203125
-0,2227783203125
-0,225830078125
-0,2288818359375
-0,2288818359375
-0,2349853515625
-0,2349853515625
-0,238037109375
-0,23956298828125
-0,2410888671875
-0,24261474609375
-0,244140625
-0,2471923828125
-0,24566650390625
-0,24871826171875
-0,24871826171875
-0,250244140625
-0,250244140625
-0,25177001953125
-0,250244140625
-0,250244140625
-0,250244140625
-0,25177001953125
-0,250244140625
-0,24871826171875
-0,250244140625
-0,24871826171875
-0,2471923828125
-0,24566650390625
-0,244140625
-0,24261474609375
-0,2410888671875
-0,238037109375
-0,2349853515625
-0,23345947265625
-0,23040771484375
-0,22735595703125
-0,22430419921875
-0,22125244140625
-0,2166748046875
-0,213623046875
-0,2105712890625
-0,20599365234375
-0,20294189453125
-0,1983642578125
-0,19378662109375
-0,189208984375
-0,18463134765625
-0,1800537109375
-0,17547607421875
-0,1678466796875
-0,16326904296875
-0,157928466796875
-0,151824951171875
-0,145721435546875
-0,139617919921875
-0,13275146484375
-0,12664794921875
-0,119781494140625
-0,1129150390625
-0,10528564453125
-0,098419189453125
-0,090789794921875
-0,083160400390625
-0,07476806640625
-0,067138671875
-0,0583648681640625
-0,0499725341796875
-0,0415802001953125
-0,032806396484375
-0,0240325927734375
-0,0152587890625
-0,0064849853515625
0,0030517578125
0,01239776611328125
0,0217437744140625
0,031375885009765625
0,041103363037109375
0,05087852478027344
0,060820579528808594
0,07085800170898438
0,08106231689453125
0,0911712646484375
0,101470947265625
0,11196136474609375
0,1224517822265625
0,133514404296875
0,1438140869140625
0,1544952392578125
0,164794921875
0,1758575439453125
0,186920166015625
0,1983642578125
0,20904541015625
0,2197265625
0,23193359375
0,24261474609375
0,254058837890625
0,264739990234375
0,27618408203125
0,287628173828125
0,29754638671875
0,308990478515625
0,3204345703125
0,33111572265625
0,342559814453125
0,35400390625
0,36468505859375
0,3753662109375
0,3875732421875
0,39825439453125
0,408935546875
0,41961669921875
0,4302978515625
0,44097900390625
0,45318603515625
0,46234130859375
0,4730224609375
0,48370361328125
0,494384765625
0,5035400390625
0,51422119140625
0,52337646484375
0,53253173828125
0,543212890625
0,5523681640625
0,5615234375
0,5706787109375
0,579833984375
0,5889892578125
0,59814453125
0,6072998046875
0,61492919921875
0,62408447265625
0,6317138671875
0,63934326171875
0,64697265625
0,653076171875
0,66070556640625
0,66680908203125
0,67596435546875
0,68206787109375
0,68817138671875
0,69427490234375
0,70037841796875
0,70648193359375
0,70953369140625
0,71563720703125
0,71868896484375
0,72479248046875
0,7293701171875
0,7293701171875
0,7354736328125
0,738525390625
0,74462890625
0,74462890625
0,7476806640625
0,750732421875
0,7537841796875
0,7537841796875
0,7568359375
0,7568359375
0,7598876953125
0,7598876953125
0,7598876953125
0,7598876953125
0,7598876953125
0,7568359375
0,7568359375
0,7568359375
0,7537841796875
0,7476806640625
0,74462890625
0,7415771484375
0,7415771484375
0,738525390625
0,73394775390625
0,7293701171875
0,72479248046875
0,72021484375
0,714111328125
0,70953369140625
0,70343017578125
0,69732666015625
0,69122314453125
0,68511962890625
0,67596435546875
0,6683349609375
0,66070556640625
0,65155029296875
0,6439208984375
0,634765625
0,6256103515625
0,61492919921875
0,6072998046875
0,5950927734375
0,58441162109375
0,57373046875
0,5615234375
0,54931640625
0,537109375
0,52642822265625
0,5126953125
0,50048828125
0,48828125
0,47454833984375
0,4608154296875
0,44708251953125
0,433349609375
0,4180908203125
0,40435791015625
0,3875732421875
0,37384033203125
0,3570556640625
0,34027099609375
0,323486328125
0,3082275390625
0,29144287109375
0,274658203125
0,25787353515625
0,240325927734375
0,2227783203125
0,2044677734375
0,186920166015625
0,168609619140625
0,1495361328125
0,131988525390625
0,1129150390625
0,093841552734375
0,07476806640625
0,055694580078125
0,03662109375
0,01678466796875
-0,0030517578125
-0,02288818359375
-0,042724609375
-0,0629425048828125
-0,0827789306640625
-0,102996826171875
-0,12359619140625
-0,1438140869140625
-0,1644134521484375
-0,1850128173828125
-0,2056121826171875
-0,2262592315673828
-0,24695396423339844
-0,2676963806152344
-0,2884864807128906
-0,30918121337890625
-0,3299713134765625
-0,35076141357421875
-0,371551513671875
-0,39215087890625
-0,4131317138671875
-0,4337310791015625
-0,453948974609375
-0,4749298095703125
-0,495147705078125
-0,5153656005859375
-0,53558349609375
-0,556182861328125
-0,576019287109375
-0,59661865234375
-0,615692138671875
-0,63629150390625
-0,655364990234375
-0,675201416015625
-0,69427490234375
-0,714111328125
-0,731658935546875
-0,751495361328125
-0,769805908203125
-0,788116455078125
-0,80718994140625
-0,823974609375
-0,84228515625
-0,8575439453125
-0,8758544921875
-0,8941650390625
-0,91094970703125
-0,927734375
-0,94451904296875
-0,95977783203125
-0,97503662109375
-0,98876953125
-1,0040283203125
-1,019287109375
-1,0345458984375
-1,04827880859375
-1,06201171875
-1,07574462890625
-1,08795166015625
-1,10015869140625
-1,11236572265625
-1,12457275390625
-1,13677978515625
-1,1474609375
-1,1566162109375
-1,16729736328125
-1,177978515625
-1,1871337890625
-1,1962890625
-1,20391845703125
-1,21307373046875
-1,21917724609375
-1,226806640625
-1,23443603515625
-1,24053955078125
-1,24664306640625
-1,25274658203125
-1,25579833984375
-1,2603759765625
-1,26495361328125
-1,26800537109375
-1,27105712890625
-1,2725830078125
-1,27410888671875
-1,2786865234375
-1,2786865234375
-1,2786865234375
-1,2786865234375
-1,2786865234375
-1,275634765625
-1,275634765625
-1,2725830078125
-1,26953125
-1,263427734375
-1,2603759765625
-1,25732421875
-1,2542724609375
-1,2481689453125
-1,2420654296875
-1,239013671875
-1,23291015625
-1,2237548828125
-1,2176513671875
-1,202392578125
-1,1962890625
-1,1871337890625
-1,177978515625
-1,1688232421875
-1,1566162109375
-1,1444091796875
-1,13372802734375
-1,12152099609375
-1,1077880859375
-1,09405517578125
-1,080322265625
-1,0650634765625
-1,05133056640625
-1,03607177734375
-1,019287109375
-1,0009765625
-0,9857177734375
-0,9674072265625
-0,95062255859375
-0,933837890625
-0,91400146484375
-0,89569091796875
-0,8758544921875
-0,8544921875
-0,8331298828125
-0,81329345703125
-0,79193115234375
-0,77056884765625
-0,74920654296875
-0,726318359375
-0,70343017578125
-0,67901611328125
-0,65460205078125
-0,63018798828125
-0,6072998046875
-0,58135986328125
-0,55694580078125
-0,531005859375
-0,506591796875
-0,48065185546875
-0,45318603515625
-0,42724609375
-0,3997802734375
-0,37384033203125
-0,3448486328125
-0,31890869140625
-0,2899169921875
-0,26092529296875
-0,23345947265625
-0,203704833984375
-0,174713134765625
-0,145721435546875
-0,115966796875
-0,087738037109375
-0,0579833984375
-0,028228759765625
0,002288818359375
0,03204345703125
0,06256103515625
0,092315673828125
0,122833251953125
0,152587890625
0,183868408203125
0,2140045166015625
0,2445220947265625
0,2750396728515625
0,305938720703125
0,3360748291015625
0,366973876953125
0,39730072021484375
0,428009033203125
0,45833587646484375
0,4887580871582031
0,5191802978515625
0,5494117736816406
0,5795673452306823
0,6096363067626953
0,6395339965820312
0,6693840026855469
0,6990432739257812
0,7284164428710938
0,7577896118164062
0,7869720458984375
0,815582275390625
0,844573974609375
0,8731842041015625
0,90179443359375
0,92926025390625
0,9571075439453125
0,984954833984375
1,01165771484375
1,038360595703125
1,065826416015625
1,092529296875
1,117706298828125
1,143646240234375
1,1688232421875
1,1932373046875
1,2176513671875
1,242828369140625
1,265716552734375
1,28936767578125
1,312255859375
1,33514404296875
1,35650634765625
1,37939453125
1,4007568359375
1,42059326171875
1,4404296875
1,46026611328125
1,4801025390625
1,4984130859375
1,51519775390625
1,53350830078125
1,55181884765625
1,568603515625
1,5838623046875
1,59912109375
1,6143798828125
1,62811279296875
1,64337158203125
1,654052734375
1,66778564453125
1,67999267578125
1,690673828125
1,70135498046875
1,71051025390625
1,71966552734375
1,7303466796875
1,739501953125
1,74407958984375
1,751708984375
1,75933837890625
1,763916015625
1,7669677734375
1,7730712890625
1,776123046875
1,7791748046875
1,78070068359375
1,7822265625
1,7822265625
1,7822265625
1,78070068359375
1,78070068359375
1,77764892578125
1,776123046875
1,7730712890625
1,7669677734375
1,763916015625
1,7578125
1,751708984375
1,7425537109375
1,7364501953125
1,727294921875
1,7181396484375
1,708984375
1,6998291015625
1,6876220703125
1,6754150390625
1,66015625
1,6510009765625
1,6326904296875
1,617431640625
1,6021728515625
1,5838623046875
1,568603515625
1,5533447265625
1,5350341796875
1,5167236328125
1,4984130859375
1,47705078125
1,4556884765625
1,434326171875
1,41143798828125
1,3885498046875
1,36566162109375
1,34124755859375
1,31683349609375
1,29241943359375
1,2664794921875
1,24053955078125
1,21307373046875
1,1871337890625
1,15814208984375
1,129150390625
1,10015869140625
1,0711669921875
1,0406494140625
1,0101318359375
0,9796142578125
0,94757080078125
0,91552734375
0,88348388671875
0,84991455078125
0,81634521484375
0,78277587890625
0,74920654296875
0,71563720703125
0,67901611328125
0,64544677734375
0,60882568359375
0,57373046875
0,53558349609375
0,49896240234375
0,46234130859375
0,4241943359375
0,3875732421875
0,34942626953125
0,311279296875
0,27313232421875
0,2349853515625
0,1953125
0,15716552734375
0,1190185546875
0,07781982421875
0,0396728515625
-0,000762939453125
-0,040435791015625
-0,080108642578125
-0,119781494140625
-0,16021728515625
-0,19989013671875
-0,240325927734375
-0,279998779296875
-0,3204345703125
-0,360870361328125
-0,400543212890625
-0,439453125
-0,479888916015625
-0,5199432373046875
-0,55999755859375
-0,6000518798828125
-0,63934326171875
-0,67901611328125
-0,7183074951171875
-0,7572174072265625
-0,7963180541992188
-0,8350372314453125
-0,873565673828125
-0,9118080139160156
-0,949859619140625
-0,9876012802124023
-1,0251164436340332
-1,0623455047607422
-1,0992050170898438
-1,1358261108398438
-1,1722564697265625
-1,2079238891601562
-1,2434005737304688
-1,2783050537109375
-1,3134002685546875
-1,3477325439453125
-1,3813018798828125
-1,415252685546875
-1,44805908203125
-1,4801025390625
-1,512908935546875
-1,544189453125
-1,575469970703125
-1,605224609375
-1,6357421875
-1,66473388671875
-1,6937255859375
-1,72119140625
-1,749420166015625
-1,776885986328125
-1,8035888671875
-1,828765869140625
-1,85394287109375
-1,87835693359375
-1,90277099609375
-1,9256591796875
-1,94854736328125
-1,96990966796875
-1,98974609375
-2,0111083984375
-2,03094482421875
-2,05078125
-2,06756591796875
-2,0843505859375
-2,10113525390625
-2,11639404296875
-2,13165283203125
-2,14691162109375
-2,16064453125
-2,1728515625
-2,18505859375
-2,19573974609375
-2,20489501953125
-2,215576171875
-2,22320556640625
-2,23236083984375
-2,2369384765625
-2,2430419921875
-2,24761962890625
-2,252197265625
-2,25677490234375
-2,25982666015625
-2,25830078125
-2,25982666015625
-2,2613525390625
-2,25830078125
-2,25830078125
-2,2552490234375
-2,25067138671875
-2,24609375
-2,24151611328125
-2,23541259765625
-2,227783203125
-2,22015380859375
-2,21099853515625
-2,19879150390625
-2,18963623046875
-2,178955078125
-2,166748046875
-2,154541015625
-2,13623046875
-2,1209716796875
-2,105712890625
-2,0904541015625
-2,0721435546875
-2,056884765625
-2,0355224609375
-2,01416015625
-1,98974609375
-1,971435546875
-1,947021484375
-1,9256591796875
-1,9012451171875
-1,8768310546875
-1,849365234375
-1,81884765625
-1,79443359375
-1,7669677734375
-1,7364501953125
-1,708984375
-1,678466796875
-1,64794921875
-1,6143798828125
-1,580810546875
-1,54876708984375
-1,51519775390625
-1,47857666015625
-1,4434814453125
-1,40838623046875
-1,37176513671875
-1,33514404296875
-1,29547119140625
-1,25732421875
-1,21917724609375
-1,177978515625
-1,1383056640625
-1,0986328125
-1,055908203125
-1,01470947265625
-0,97198486328125
-0,9307861328125
-0,88653564453125
-0,84381103515625
-0,799560546875
-0,75531005859375
-0,70953369140625
-0,665283203125
-0,61798095703125
-0,57373046875
-0,52642822265625
-0,48065185546875
-0,433349609375
-0,38604736328125
-0,3387451171875
-0,29144287109375
-0,244140625
-0,1953125
-0,146484375
-0,09918212890625
-0,0518798828125
-0,0030517578125
0,0457763671875
0,0946044921875
0,14495849609375
0,19378662109375
0,24261474609375
0,292205810546875
0,341033935546875
0,389862060546875
0,439453125
0,48828125
0,537109375
0,5859375
0,634002685546875
0,682830810546875
0,73089599609375
0,77972412109375
0,827789306640625
0,875091552734375
0,922393798828125
0,969696044921875
1,0166168212890625
1,06353759765625
1,10931396484375
1,155853271484375
1,2012481689453125
1,2464523315429688
1,291656494140625
1,3362884521484375
1,3803482055664062
1,4238357543945312
1,4670372009277344
1,5097498893737793
1,551985740661621
1,5936851501464844
1,6347885131835938
1,6754150390625
1,7156600952148438
1,7551422119140625
1,793670654296875
1,831817626953125
1,8695831298828125
1,906585693359375
1,9428253173828125
1,9786834716796875
2,0137786865234375
2,048492431640625
2,080535888671875
2,114105224609375
2,146148681640625
2,17742919921875
2,20794677734375
2,2369384765625
2,266693115234375
2,294921875
2,321624755859375
2,34832763671875
2,373504638671875
2,398681640625
2,422332763671875
2,4444580078125
2,46734619140625
2,48870849609375
2,50701904296875
2,52685546875
2,545166015625
2,56195068359375
2,5787353515625
2,593994140625
2,60772705078125
2,62298583984375
2,6336669921875
2,6458740234375
2,65655517578125
2,66571044921875
2,67333984375
2,6824951171875
2,6885986328125
2,69317626953125
2,69775390625
2,7008056640625
2,70233154296875
2,703857421875
2,70538330078125
2,703857421875
2,7008056640625
2,69927978515625
2,69317626953125
2,69012451171875
2,68402099609375
2,67486572265625
2,667236328125
2,6580810546875
2,64739990234375
2,63671875
2,62451171875
2,6092529296875
2,59552001953125
2,58026123046875
2,56195068359375
2,545166015625
2,52532958984375
2,50701904296875
2,48565673828125
2,4658203125
2,44140625
2,4200439453125
2,3956298828125
2,3681640625
2,337646484375
2,313232421875
2,28271484375
2,2552490234375
2,2247314453125
2,1942138671875
2,1575927734375
2,1270751953125
2,093505859375
2,0599365234375
2,0233154296875
1,98974609375
1,9500732421875
1,9134521484375
1,8707275390625
1,8310546875
1,7913818359375
1,7486572265625
1,708984375
1,666259765625
1,6204833984375
1,57623291015625
1,53045654296875
1,48468017578125
1,4373779296875
1,3916015625
1,3427734375
1,29547119140625
1,2481689453125
1,19781494140625
1,1474609375
1,0955810546875
1,0467529296875
0,994873046875
0,9429931640625
0,89111328125
0,83770751953125
0,7843017578125
0,7293701171875
0,67596435546875
0,62103271484375
0,56610107421875
0,51116943359375
0,45623779296875
0,3997802734375
0,3448486328125
0,28839111328125
0,23193359375
0,17547607421875
0,1190185546875
0,06256103515625
0,00457763671875
-0,0518798828125
-0,10986328125
-0,16632080078125
-0,22430419921875
-0,28076171875
-0,3387451171875
-0,39520263671875
-0,45318603515625
-0,51116943359375
-0,567626953125
-0,62408447265625
-0,68206787109375
-0,737762451171875
-0,794219970703125
-0,850677490234375
-0,907135009765625
-0,962066650390625
-1,01776123046875
-1,07269287109375
-1,126861572265625
-1,181793212890625
-1,236724853515625
-1,28936767578125
-1,343536376953125
-1,39617919921875
-1,4484405517578125
-1,5003204345703125
-1,5514373779296875
-1,6025543212890625
-1,6529083251953125
-1,7024993896484375
-1,7520904541015625
-1,8007278442382812
-1,848602294921875
-1,8960952758789062
-1,9427299499511719
-1,9887924194335938
-2,0341873168945312
-2,0788291714323193
-2,1227359771728516
-2,1658897399902344
-2,2083282470703125
-2,2500991821289062
-2,2905349731445312
-2,330780029296875
-2,36968994140625
-2,4082183837890625
-2,4456024169921875
-2,4822235107421875
-2,5177001953125
-2,5524139404296875
-2,5859832763671875
-2,619171142578125
-2,651214599609375
-2,6824951171875
-2,71148681640625
-2,740478515625
-2,768707275390625
-2,796173095703125
-2,82135009765625
-2,84576416015625
-2,869415283203125
-2,89154052734375
-2,913665771484375
-2,93426513671875
-2,95257568359375
-2,972412109375
-2,9876708984375
-3,0059814453125
-3,01971435546875
-3,033447265625
-3,045654296875
-3,05633544921875
-3,0670166015625
-3,076171875
-3,08380126953125
-3,0914306640625
-3,09600830078125
-3,10211181640625
-3,1036376953125
-3,10516357421875
-3,10516357421875
-3,10516357421875
-3,1036376953125
-3,1005859375
-3,0975341796875
-3,0914306640625
-3,0853271484375
-3,07769775390625
-3,06854248046875
-3,05938720703125
-3,04718017578125
-3,03497314453125
-3,01971435546875
-3,0059814453125
-2,98919677734375
-2,972412109375
-2,9541015625
-2,93426513671875
-2,9144287109375
-2,89154052734375
-2,86865234375
-2,84423828125
-2,81829833984375
-2,7923583984375
-2,764892578125
-2,73590087890625
-2,70538330078125
-2,67486572265625
-2,6458740234375
-2,6092529296875
-2,57568359375
-2,5421142578125
-2,50244140625
-2,4688720703125
-2,4261474609375
-2,3895263671875
-2,349853515625
-2,30712890625
-2,2674560546875
-2,2247314453125
-2,178955078125
-2,1331787109375
-2,0843505859375
-2,0416259765625
-1,9927978515625
-1,9439697265625
-1,898193359375
-1,8463134765625
-1,79443359375
-1,7425537109375
-1,690673828125
-1,6387939453125
-1,5838623046875
-1,5289306640625
-1,47552490234375
-1,41754150390625
-1,36260986328125
-1,30615234375
-1,2481689453125
-1,190185546875
-1,1322021484375
-1,0711669921875
-1,01165771484375
-0,95062255859375
-0,89111328125
-0,830078125
-0,76904296875
-0,7080078125
-0,6439208984375
-0,58135986328125
-0,51727294921875
-0,45623779296875
-0,39215087890625
-0,32806396484375
-0,26397705078125
-0,19989013671875
-0,13580322265625
-0,0732421875
-0,0091552734375
0,05645751953125
0,1220703125
0,1861572265625
0,25177001953125
0,31585693359375
0,37994384765625
0,445556640625
0,5096435546875
0,57373046875
0,63629150390625
0,701904296875
0,7659912109375
0,830078125
0,8941650390625
0,9552001953125
1,019287109375
1,08184814453125
1,14288330078125
1,206207275390625
1,2664794921875
1,328277587890625
1,3885498046875
1,448822021484375
1,508331298828125
1,567840576171875
1,6265869140625
1,6845703125
1,741790771484375
1,799774169921875
1,85546875
1,91192626953125
1,96685791015625
2,0206451416015625
2,074432373046875
2,1274566650390625
2,1793365478515625
2,2304534912109375
2,28118896484375
2,3311614990234375
2,3797988891601562
2,4278640747070312
2,4751663208007812
2,5213241577148438
2,5665283203125
2,6110172271728516
2,654445171356201
2,6969432830810547
2,7383804321289062
2,7790069580078125
2,8181076049804688
2,8566360473632812
2,8940200805664062
2,930450439453125
2,965545654296875
2,9998779296875
3,0330657958984375
3,064727783203125
3,095245361328125
3,124237060546875
3,153228759765625
3,179931640625
3,20587158203125
3,23028564453125
3,25469970703125
3,277587890625
3,29742431640625
3,318023681640625
3,33709716796875
3,353118896484375
3,369903564453125
3,3843994140625
3,397369384765625
3,41033935546875
3,41949462890625
3,43017578125
3,43780517578125
3,4454345703125
3,45001220703125
3,45611572265625
3,4576416015625
3,460693359375
3,45916748046875
3,45916748046875
3,45611572265625
3,45306396484375
3,448486328125
3,44085693359375
3,4332275390625
3,424072265625
3,4149169921875
3,40118408203125
3,38897705078125
3,37371826171875
3,35845947265625
3,34014892578125
3,3233642578125
3,302001953125
3,28216552734375
3,26080322265625
3,23638916015625
3,21197509765625
3,18450927734375
3,15704345703125
3,1280517578125
3,09906005859375
3,0670166015625
3,0364990234375
3,0029296875
2,96630859375
2,93121337890625
2,89459228515625
2,8564453125
2,8167724609375
2,77557373046875
2,734375
2,691650390625
2,64892578125
2,60009765625
2,557373046875
2,508544921875
2,4627685546875
2,410888671875
2,3651123046875
2,3101806640625
2,25830078125
2,2064208984375
2,154541015625
2,0965576171875
2,044677734375
1,9866943359375
1,9256591796875
1,86767578125
1,8096923828125
1,751708984375
1,690673828125
1,629638671875
1,568603515625
1,507568359375
1,4404296875
1,37939453125
1,312255859375
1,24969482421875
1,18408203125
1,11846923828125
1,0528564453125
0,9857177734375
0,9185791015625
0,8514404296875
0,78125
0,71258544921875
0,6439208984375
0,57373046875
0,50506591796875
0,43487548828125
0,36468505859375
0,29449462890625
0,22430419921875
0,15411376953125
0,0823974609375
0,01068115234375
-0,05950927734375
-0,12969970703125
-0,201416015625
-0,27313232421875
-0,3448486328125
-0,41351318359375
-0,4852294921875
-0,555419921875
-0,62713623046875
-0,69732666015625
-0,76904296875
-0,83770751953125
-0,9063720703125
-0,9765625
-1,0467529296875
-1,11541748046875
-1,18255615234375
-1,251220703125
-1,318359375
-1,38702392578125
-1,45416259765625
-1,519775390625
-1,5869140625
-1,64947509765625
-1,715087890625
-1,7791748046875
-1,842498779296875
-1,90582275390625
-1,96685791015625
-2,0294189453125
-2,089691162109375
-2,14996337890625
-2,208709716796875
-2,2674560546875
-2,324676513671875
-2,381134033203125
-2,437591552734375
-2,492523193359375
-2,545928955078125
-2,5997161865234375
-2,6515960693359375
-2,7027130126953125
-2,7530670166015625
-2,8018951416015625
-2,850341796875
-2,8972625732421875
-2,9432296752929688
-2,9882431030273438
-3,03192138671875
-3,0747413635253906
-3,1162261962890625
-3,156590461730957
-3,1957626342773438
-3,2337188720703125
-3,2705307006835938
-3,3060073852539062
-3,3403396606445312
-3,3733367919921875
-3,4053802490234375
-3,4358978271484375
-3,4648895263671875
-3,4923553466796875
-3,5190582275390625
-3,5442352294921875
-3,5678863525390625
-3,59039306640625
-3,61175537109375
-3,631591796875
-3,64990234375
-3,66668701171875
-3,682708740234375
-3,696441650390625
-3,708648681640625
-3,7200927734375
-3,73077392578125
-3,739166259765625
-3,74603271484375
-3,751373291015625
-3,755950927734375
-3,7567138671875
-3,75823974609375
-3,75823974609375
-3,7567138671875
-3,753662109375
-3,7506103515625
-3,7445068359375
-3,73687744140625
-3,7261962890625
-3,717041015625
-3,704833984375
-3,692626953125
-3,6773681640625
-3,662109375
-3,643798828125
-3,62548828125
-3,6041259765625
-3,582763671875
-3,558349609375
-3,53546142578125
-3,50799560546875
-3,48052978515625
-3,4515380859375
-3,42254638671875
-3,39202880859375
-3,35845947265625
-3,32489013671875
-3,28826904296875
-3,253173828125
-3,2135009765625
-3,173828125
-3,13262939453125
-3,09295654296875
-3,0487060546875
-3,0059814453125
-2,95867919921875
-2,91290283203125
-2,86407470703125
-2,8167724609375
-2,76641845703125
-2,716064453125
-2,66265869140625
-2,6092529296875
-2,5543212890625
-2,4993896484375
-2,4444580078125
-2,3834228515625
-2,325439453125
-2,2674560546875
-2,2064208984375
-2,1484375
-2,0843505859375
-2,020263671875
-1,9561767578125
-1,89208984375
-1,8280029296875
-1,7608642578125
-1,6937255859375
-1,6265869140625
-1,5594482421875
-1,4892578125
-1,4190673828125
-1,348876953125
-1,2786865234375
-1,2054443359375
-1,13525390625
-1,06201171875
-0,9918212890625
-0,9185791015625
-0,8453369140625
-0,76904296875
-0,69580078125
-0,62103271484375
-0,5462646484375
-0,47149658203125
-0,396728515625
-0,3204345703125
-0,244140625
-0,1678466796875
-0,09307861328125
-0,0152587890625
0,06103515625
0,1373291015625
0,213623046875
0,2899169921875
0,3662109375
0,44097900390625
0,518798828125
0,5950927734375
0,66986083984375
0,74615478515625
0,8209228515625
0,89569091796875
0,970458984375
1,04522705078125
1,1199951171875
1,1932373046875
1,26800537109375
1,3397216796875
1,41143798828125
1,48468017578125
1,556396484375
1,62811279296875
1,69525146484375
1,76544189453125
1,83563232421875
1,904296875
1,971435546875
2,03704833984375
2,10418701171875
2,17132568359375
2,23541259765625
2,29949951171875
2,362060546875
2,42462158203125
2,48565673828125
2,545928955078125
2,606201171875
2,6641845703125
2,72216796875
2,777862548828125
2,83355712890625
2,887725830078125
2,941131591796875
2,993011474609375
3,04412841796875
3,0948638916015625
3,1436920166015625
3,191375732421875
3,2379150390625
3,282928466796875
3,3267974853515625
3,3695220947265625
3,411102294921875
3,4513473510742188
3,4900665283203125
3,5276412963867188
3,5638809204101562
3,598785400390625
3,632249889708018
3,664398193359375
3,6951065063476562
3,724384307861328
3,7523269653320312
3,778839111328125
3,8038253784179688
3,827667236328125
3,84979248046875
3,8700103759765625
3,8890838623046875
3,907012939453125
3,92303466796875
3,9379119873046875
3,951263427734375
3,96270751953125
3,972625732421875
3,981781005859375
3,9886474609375
3,993988037109375
3,997802734375
4,000091552734375
4,0008544921875
4,000091552734375
3,998565673828125
3,9947509765625
3,989410400390625
3,98101806640625
3,97491455078125
3,9642333984375
3,95355224609375
3,93829345703125
3,924560546875
3,9093017578125
3,8909912109375
3,8726806640625
3,851318359375
3,8299560546875
3,80706787109375
3,7811279296875
3,753662109375
3,72772216796875
3,69720458984375
3,6651611328125
3,63311767578125
3,59954833984375
3,564453125
3,52935791015625
3,4912109375
3,4515380859375
3,41033935546875
3,369140625
3,32489013671875
3,27911376953125
3,23486328125
3,18756103515625
3,13873291015625
3,08837890625
3,0364990234375
2,98614501953125
2,9327392578125
2,8778076171875
2,82135009765625
2,76641845703125
2,70843505859375
2,64892578125
2,587890625
2,52838134765625
2,46429443359375
2,40325927734375
2,337646484375
2,2735595703125
2,2064208984375
2,142333984375
2,0721435546875
2,008056640625
1,934814453125
1,8646240234375
1,7913818359375
1,7242431640625
1,6510009765625
1,57470703125
1,5045166015625
1,4312744140625
1,3580322265625
1,275634765625
1,202392578125
1,1260986328125
1,0498046875
0,970458984375
0,8941650390625
0,8148193359375
0,738525390625
0,6591796875
0,579833984375
0,50048828125
0,421142578125
0,34027099609375
0,26092529296875
0,1800537109375
0,09918212890625
0,01983642578125
-0,06103515625
-0,14190673828125
-0,2227783203125
-0,30059814453125
-0,3814697265625
-0,46234130859375
-0,543212890625
-0,62255859375
-0,701904296875
-0,78277587890625
-0,860595703125
-0,94146728515625
-1,019287109375
-1,0986328125
-1,1749267578125
-1,25274658203125
-1,33056640625
-1,4068603515625
-1,483154296875
-1,55792236328125
-1,6326904296875
-1,70745849609375
-1,78070068359375
-1,85394287109375
-1,9256591796875
-1,9989013671875
-2,07061767578125
-2,1392822265625
-2,20947265625
-2,27813720703125
-2,34527587890625
-2,41241455078125
-2,47802734375
-2,54364013671875
-2,60772705078125
-2,67181396484375
-2,7313232421875
-2,79388427734375
-2,854156494140625
-2,913665771484375
-2,971649169921875
-3,028106689453125
-3,08380126953125
-3,137969970703125
-3,191375732421875
-3,2440185546875
-3,29437255859375
-3,3447265625
-3,392791748046875
-3,440093994140625
-3,485870361328125
-3,530120849609375
-3,5732269287109375
-3,61480712890625
-3,655242919921875
-3,69415283203125
-3,7319183349609375
-3,7677764892578125
-3,8028717041015625
-3,8356781005859375
-3,8677215576171875
-3,8980484008789062
-3,926849365234375
-3,9541244506835938
-3,979969024658203
-4,004263877868652
-4,026985168457031
-4,04815673828125
-4,067802429199219
-4,0859222412109375
-4,102516174316406
-4,117584228515625
-4,1309356689453125
-4,1423797607421875
-4,152679443359375
-4,1614532470703125
-4,1683197021484375
-4,174041748046875
-4,1778564453125
-4,180145263671875
-4,17938232421875
-4,17938232421875
-4,17633056640625
-4,172515869140625
-4,166412353515625
-4,158782958984375
-4,149627685546875
-4,138946533203125
-4,1259765625
-4,11224365234375
-4,09698486328125
-4,0802001953125
-4,06036376953125
-4,04205322265625
-4,0191650390625
-3,99627685546875
-3,9703369140625
-3,94439697265625
-3,9154052734375
-3,88641357421875
-3,8543701171875
-3,8238525390625
-3,78875732421875
-3,753662109375
-3,71551513671875
-3,67889404296875
-3,6376953125
-3,5980224609375
-3,55377197265625
-3,51104736328125
-3,4637451171875
-3,41796875
-3,369140625
-3,3203125
-3,2684326171875
-3,216552734375
-3,16314697265625
-3,10821533203125
-3,0548095703125
-2,99530029296875
-2,9388427734375
-2,8778076171875
-2,81829833984375
-2,75726318359375
-2,69317626953125
-2,630615234375
-2,56500244140625
-2,4993896484375
-2,43377685546875
-2,3651123046875
-2,29644775390625
-2,22625732421875
-2,1575927734375
-2,0843505859375
-2,01263427734375
-1,93939208984375
-1,8646240234375
-1,7913818359375
-1,7120361328125
-1,641845703125
-1,5625
-1,4862060546875
-1,409912109375
-1,33056640625
-1,251220703125
-1,171875
-1,0955810546875
-1,01318359375
-0,933837890625
-0,8514404296875
-0,7659912109375
-0,68359375
-0,604248046875
-0,5218505859375
-0,4364013671875
-0,35400390625
-0,274658203125
-0,189208984375
-0,1068115234375
-0,0244140625
0,06103515625
0,1434326171875
0,22735595703125
0,3082275390625
0,39215087890625
0,47607421875
0,5584716796875
0,640869140625
0,7232666015625
0,8056640625
0,8880615234375
0,970458984375
1,05133056640625
1,13372802734375
1,2115478515625
1,29241943359375
1,37176513671875
1,45111083984375
1,53045654296875
1,60675048828125
1,6845703125
1,76239013671875
1,83868408203125
1,91192626953125
1,98822021484375
2,06146240234375
2,13623046875
2,2064208984375
2,27813720703125
2,349853515625
2,41851806640625
2,48870849609375
2,557373046875
2,62298583984375
2,6885986328125
2,75421142578125
2,8167724609375
2,880859375
2,94189453125
3,0029296875
3,06243896484375
3,12042236328125
3,1768798828125
3,23333740234375
3,28826904296875
3,342437744140625
3,394317626953125
3,444671630859375
3,495025634765625
3,542327880859375
3,589630126953125
3,635406494140625
3,67889404296875
3,72161865234375
3,7628173828125
3,803253173828125
3,841400146484375
3,878021240234375
3,91387939453125
3,94744873046875
3,9798736572265625
4,010772705078125
4,0401458740234375
4,0676116943359375
4,0943145751953125
4,1187286376953125
4,1416168212890625
4,163169860839844
4,1828155517578125
4,201221466064453
4,217815399169922
4,23283576965332
4,246187210083008
4,257965087890625
4,268074035644531
4,276466369628906
4,283332824707031
4,288482666015625
4,2919158935546875
4,2934417724609375
4,2938232421875
4,29229736328125
4,28924560546875
4,28466796875
4,277801513671875
4,270172119140625
4,26025390625
4,248809814453125
4,23583984375
4,2205810546875
4,204559326171875
4,18701171875
4,16717529296875
4,146575927734375
4,123687744140625
4,0985107421875
4,07257080078125
4,04510498046875
4,016876220703125
3,985595703125
3,95355224609375
3,91845703125
3,8848876953125
3,8482666015625
3,81011962890625
3,7689208984375
3,729248046875
3,6865234375
3,64227294921875
3,594970703125
3,5491943359375
3,50189208984375
3,4515380859375
3,40118408203125
3,34930419921875
3,29437255859375
3,23944091796875
3,1829833984375
3,12652587890625
3,06854248046875
3,00750732421875
2,947998046875
2,88543701171875
2,82135009765625
2,75726318359375
2,691650390625
2,62451171875
2,557373046875
2,490234375
2,4200439453125
2,349853515625
2,27813720703125
2,2064208984375
2,1331787109375
2,056884765625
1,983642578125
1,90887451171875
1,8341064453125
1,7547607421875
