0,00457763671875
0,01068115234375
0,01678466796875
0,02288818359375
0,02899169921875
0,03662109375
0,042724609375
0,048828125
0,054931640625
0,06256103515625
0,06866455078125
0,07476806640625
0,0823974609375
0,09002685546875
0,09613037109375
0,1007080078125
0,1068115234375
0,115966796875
0,1190185546875
0,128173828125
0,1312255859375
0,140380859375
0,146484375
0,152587890625
0,15869140625
0,1678466796875
0,1739501953125
0,177001953125
0,1861572265625
0,189208984375
0,1983642578125
0,2044677734375
0,2105712890625
0,213623046875
0,2166748046875
0,2227783203125
0,2288818359375
0,2349853515625
0,2410888671875
0,2471923828125
0,24871826171875
0,2532958984375
0,25787353515625
0,262451171875
0,2655029296875
0,27008056640625
0,274658203125
0,2777099609375
0,28076171875
0,28533935546875
0,28839111328125
0,29144287109375
0,29449462890625
0,29754638671875
0,29754638671875
0,3021240234375
0,3021240234375
0,30670166015625
0,3082275390625
0,30975341796875
0,311279296875
0,30975341796875
0,30975341796875
0,311279296875
0,31280517578125
0,311279296875
0,31280517578125
0,311279296875
0,311279296875
0,311279296875
0,311279296875
0,30975341796875
0,3082275390625
0,3082275390625
0,30517578125
0,3021240234375
0,30059814453125
0,299072265625
0,2960205078125
0,29296875
0,2899169921875
0,286865234375
0,2838134765625
0,27923583984375
0,273895263671875
0,27008056640625
0,2655029296875
0,26092529296875
0,255584716796875
0,251007080078125
0,244140625
0,238800048828125
0,232696533203125
0,226593017578125
0,2197265625
0,213623046875
0,206756591796875
0,19989013671875
0,1926422119140625
0,1850128173828125
0,1773834228515625
0,16937255859375
0,1613616943359375
0,1529693603515625
0,1445770263671875
0,13580322265625
0,12722015380859375
0,11816024780273438
0,10890960693359375
0,09951591491699219
0,08993148803710938
0,08015632629394531
0,07028579711914062
0,060176849365234375
0,04978179931640625
0,03948211669921875
0,02899169921875
0,0186920166015625
0,0080108642578125
-0,003814697265625
-0,014495849609375
-0,0255584716796875
-0,0370025634765625
-0,0484466552734375
-0,060272216796875
-0,07171630859375
-0,083160400390625
-0,095367431640625
-0,1068115234375
-0,1190185546875
-0,131988525390625
-0,142669677734375
-0,154876708984375
-0,167083740234375
-0,180816650390625
-0,193023681640625
-0,205230712890625
-0,217437744140625
-0,2288818359375
-0,24261474609375
-0,25634765625
-0,26702880859375
-0,28076171875
-0,29296875
-0,30364990234375
-0,31890869140625
-0,33111572265625
-0,34332275390625
-0,35552978515625
-0,3662109375
-0,37841796875
-0,390625
-0,40283203125
-0,41656494140625
-0,42877197265625
-0,439453125
-0,45166015625
-0,4638671875
-0,47607421875
-0,48675537109375
-0,4974365234375
-0,50811767578125
-0,52032470703125
-0,53253173828125
-0,54168701171875
-0,5523681640625
-0,5615234375
-0,57373046875
-0,58135986328125
-0,59356689453125
-0,60272216796875
-0,6134033203125
-0,62255859375
-0,6317138671875
-0,640869140625
-0,6500244140625
-0,65765380859375
-0,665283203125
-0,67291259765625
-0,6805419921875
-0,68817138671875
-0,69580078125
-0,7049560546875
-0,7080078125
-0,7171630859375
-0,7232666015625
-0,726318359375
-0,7354736328125
-0,738525390625
-0,74462890625
-0,750732421875
-0,7568359375
-0,7598876953125
-0,762939453125
-0,7659912109375
-0,76904296875
-0,76904296875
-0,7720947265625
-0,775146484375
-0,7781982421875
-0,78125
-0,7781982421875
-0,7843017578125
-0,7843017578125
-0,7843017578125
-0,78125
-0,7843017578125
-0,78125
-0,77972412109375
-0,7781982421875
-0,77667236328125
-0,775146484375
-0,7720947265625
-0,76904296875
-0,7659912109375
-0,762939453125
-0,7568359375
-0,75225830078125
-0,7476806640625
-0,74310302734375
-0,73699951171875
-0,73089599609375
-0,72479248046875
-0,71868896484375
-0,7110595703125
-0,70343017578125
-0,69580078125
-0,68511962890625
-0,677490234375
-0,6683349609375
-0,66070556640625
-0,6500244140625
-0,640869140625
-0,63018798828125
-0,6195068359375
-0,60882568359375
-0,59661865234375
-0,5859375
-0,57220458984375
-0,55999755859375
-0,54779052734375
-0,5340576171875
-0,518798828125
-0,50506591796875
-0,4913330078125
-0,47760009765625
-0,4638671875
-0,45013427734375
-0,43487548828125
-0,41961669921875
-0,402069091796875
-0,38604736328125
-0,3692626953125
-0,35247802734375
-0,334930419921875
-0,31890869140625
-0,301361083984375
-0,283050537109375
-0,2655029296875
-0,246429443359375
-0,228118896484375
-0,20904541015625
-0,19073486328125
-0,171661376953125
-0,151824951171875
-0,1323699951171875
-0,1125335693359375
-0,0926971435546875
-0,0728607177734375
-0,052642822265625
-0,0324249267578125
-0,0118255615234375
0,0087738037109375
0,02956390380859375
0,050640106201171875
0,07152557373046875
0,09264945983886719
0,11386871337890625
0,13513565063476562
0,15659332275390625
0,17805099487304688
0,19969940185546875
0,22125244140625
0,24261474609375
0,2643585205078125
0,286102294921875
0,307464599609375
0,3292083740234375
0,3509521484375
0,372314453125
0,394439697265625
0,415802001953125
0,437164306640625
0,458526611328125
0,48065185546875
0,501251220703125
0,522613525390625
0,543212890625
0,565338134765625
0,586700439453125
0,6072998046875
0,62713623046875
0,647735595703125
0,6683349609375
0,68817138671875
0,7080078125
0,72784423828125
0,74920654296875
0,7659912109375
0,787353515625
0,80718994140625
0,82550048828125
0,84381103515625
0,86212158203125
0,87890625
0,89874267578125
0,91552734375
0,93231201171875
0,95062255859375
0,96588134765625
0,982666015625
0,99945068359375
1,01470947265625
1,0284423828125
1,043701171875
1,06048583984375
1,07421875
1,0894775390625
1,1016845703125
1,1138916015625
1,12762451171875
1,141357421875
1,153564453125
1,16424560546875
1,17645263671875
1,18560791015625
1,1962890625
1,20697021484375
1,21612548828125
1,22528076171875
1,23443603515625
1,24053955078125
1,2481689453125
1,25579833984375
1,263427734375
1,26953125
1,275634765625
1,28021240234375
1,2847900390625
1,2908935546875
1,287841796875
1,2969970703125
1,2939453125
1,300048828125
1,300048828125
1,3031005859375
1,3031005859375
1,3031005859375
1,3031005859375
1,3031005859375
1,300048828125
1,2939453125
1,2939453125
1,287841796875
1,287841796875
1,2847900390625
1,275634765625
1,275634765625
1,26953125
1,2603759765625
1,25732421875
1,2451171875
1,239013671875
1,2298583984375
1,220703125
1,21002197265625
1,1993408203125
1,18865966796875
1,177978515625
1,165771484375
1,153564453125
1,141357421875
1,1260986328125
1,11236572265625
1,0986328125
1,08184814453125
1,068115234375
1,0528564453125
1,03302001953125
1,0162353515625
0,99945068359375
0,982666015625
0,96282958984375
0,9429931640625
0,92620849609375
0,9063720703125
0,88348388671875
0,8636474609375
0,84075927734375
0,81939697265625
0,799560546875
0,775146484375
0,75225830078125
0,7293701171875
0,7049560546875
0,6805419921875
0,6561279296875
0,63018798828125
0,60577392578125
0,579833984375
0,5523681640625
0,5279541015625
0,50201416015625
0,47454833984375
0,44708251953125
0,4180908203125
0,390625
0,362396240234375
0,33416748046875
0,30517578125
0,27618408203125
0,2471923828125
0,21820068359375
0,188446044921875
0,157928466796875
0,128173828125
0,09765625
0,067138671875
0,037384033203125
0,006103515625
-0,025177001953125
-0,0560760498046875
-0,08697509765625
-0,118255615234375
-0,1495361328125
-0,180816650390625
-0,2124786376953125
-0,2437591552734375
-0,2750396728515625
-0,30651092529296875
-0,33817291259765625
-0,36945343017578125
-0,4008293151855469
-0,43227672576904297
-0,4636526107788086
-0,49490928649902344
-0,5262374877929688
-0,5571365356445312
-0,5884170532226562
-0,6193161010742188
-0,6500244140625
-0,6809234619140625
-0,7110595703125
-0,7419586181640625
-0,7717132568359375
-0,801849365234375
-0,8319854736328125
-0,861358642578125
-0,89111328125
-0,92010498046875
-0,948333740234375
-0,9765625
-1,00555419921875
-1,03302001953125
-1,061248779296875
-1,08795166015625
-1,116180419921875
-1,141357421875
-1,168060302734375
-1,19476318359375
-1,219940185546875
-1,24359130859375
-1,26953125
-1,29547119140625
-1,31988525390625
-1,34124755859375
-1,36260986328125
-1,385498046875
-1,409912109375
-1,4312744140625
-1,45111083984375
-1,47247314453125
-1,49383544921875
-1,513671875
-1,53350830078125
-1,55181884765625
-1,568603515625
-1,58538818359375
-1,6021728515625
-1,61895751953125
-1,6357421875
-1,64947509765625
-1,6632080078125
-1,67999267578125
-1,69219970703125
-1,70440673828125
-1,71661376953125
-1,72882080078125
-1,73797607421875
-1,7486572265625
-1,7578125
-1,7669677734375
-1,7730712890625
-1,7822265625
-1,788330078125
-1,79443359375
-1,79901123046875
-1,80511474609375
-1,80816650390625
-1,812744140625
-1,812744140625
-1,8157958984375
-1,81732177734375
-1,81732177734375
-1,81732177734375
-1,81884765625
-1,812744140625
-1,812744140625
-1,8096923828125
-1,806640625
-1,7974853515625
-1,7913818359375
-1,788330078125
-1,7822265625
-1,7730712890625
-1,763916015625
-1,7547607421875
-1,7425537109375
-1,7364501953125
-1,72119140625
-1,7120361328125
-1,69677734375
-1,6876220703125
-1,67236328125
-1,6571044921875
-1,641845703125
-1,6265869140625
-1,6082763671875
-1,5899658203125
-1,568603515625
-1,55181884765625
-1,531982421875
-1,51214599609375
-1,49078369140625
-1,46942138671875
-1,446533203125
-1,42364501953125
-1,39923095703125
-1,3763427734375
-1,348876953125
-1,324462890625
-1,2969970703125
-1,27105712890625
-1,2451171875
-1,2176513671875
-1,18865966796875
-1,15814208984375
-1,12762451171875
-1,0986328125
-1,068115234375
-1,03759765625
-1,00555419921875
-0,97198486328125
-0,93994140625
-0,9063720703125
-0,872802734375
-0,83770751953125
-0,80413818359375
-0,77056884765625
-0,73394775390625
-0,70037841796875
-0,6622314453125
-0,62408447265625
-0,58746337890625
-0,55084228515625
-0,5126953125
-0,47454833984375
-0,43792724609375
-0,396728515625
-0,360107421875
-0,32196044921875
-0,28228759765625
-0,2410888671875
-0,201416015625
-0,162506103515625
-0,1220703125
-0,08087158203125
-0,04119873046875
0,000762939453125
0,04119873046875
0,081634521484375
0,1220703125
0,16326904296875
0,203704833984375
0,244903564453125
0,286102294921875
0,327301025390625
0,368499755859375
0,4100799560546875
0,450897216796875
0,4917144775390625
0,53253173828125
0,57373046875
0,6145477294921875
0,6551742553710938
0,6956100463867188
0,7358551025390625
0,7761001586914062
0,8159637451171875
0,8557796478271484
0,8952975273132324
0,9345531463623047
0,9736061096191406
1,0123252868652344
1,0507583618164062
1,0889053344726562
1,126861572265625
1,1646270751953125
1,201629638671875
1,238250732421875
1,2744903564453125
1,3103485107421875
1,3462066650390625
1,381683349609375
1,416015625
1,450347900390625
1,483917236328125
1,517486572265625
1,55029296875
1,58233642578125
1,6143798828125
1,6448974609375
1,676177978515625
1,706695556640625
1,735687255859375
1,764678955078125
1,792144775390625
1,82037353515625
1,84783935546875
1,873779296875
1,89971923828125
1,92413330078125
1,94854736328125
1,971435546875
1,99432373046875
2,0172119140625
2,03704833984375
2,05841064453125
2,0782470703125
2,09808349609375
2,11639404296875
2,1331787109375
2,14996337890625
2,166748046875
2,1820068359375
2,19573974609375
2,20947265625
2,2216796875
2,23388671875
2,24609375
2,25372314453125
2,264404296875
2,27203369140625
2,2796630859375
2,2857666015625
2,29339599609375
2,2979736328125
2,301025390625
2,3040771484375
2,30712890625
2,30865478515625
2,30865478515625
2,30865478515625
2,30712890625
2,3040771484375
2,301025390625
2,29644775390625
2,2918701171875
2,2857666015625
2,2796630859375
2,2705078125
2,25830078125
2,252197265625
2,2430419921875
2,2308349609375
2,2186279296875
2,203369140625
2,191162109375
2,1728515625
2,16064453125
2,1453857421875
2,1270751953125
2,1087646484375
2,0904541015625
2,0660400390625
2,044677734375
2,0233154296875
1,9989013671875
1,9744873046875
1,953125
1,9287109375
1,898193359375
1,873779296875
1,8463134765625
1,8157958984375
1,7852783203125
1,7608642578125
1,72576904296875
1,69525146484375
1,66168212890625
1,629638671875
1,5960693359375
1,56097412109375
1,52587890625
1,4892578125
1,45263671875
1,416015625
1,37786865234375
1,33819580078125
1,300048828125
1,25885009765625
1,220703125
1,177978515625
1,13677978515625
1,0955810546875
1,05133056640625
1,00860595703125
0,96435546875
0,921630859375
0,87890625
0,83160400390625
0,787353515625
0,74005126953125
0,69427490234375
0,64849853515625
0,59967041015625
0,55389404296875
0,50506591796875
0,457763671875
0,41046142578125
0,36163330078125
0,31280517578125
0,262451171875
0,213623046875
0,16326904296875
0,11444091796875
0,06256103515625
0,0152587890625
-0,03662109375
-0,08697509765625
-0,135040283203125
-0,185394287109375
-0,235748291015625
-0,286102294921875
-0,336456298828125
-0,386810302734375
-0,43792724609375
-0,487518310546875
-0,537872314453125
-0,58746337890625
-0,6378173828125
-0,687408447265625
-0,73699951171875
-0,787353515625
-0,8358001708984375
-0,8846282958984375
-0,9334564208984375
-0,981903076171875
-1,02996826171875
-1,078033447265625
-1,1257171630859375
-1,1732101440429688
-1,219940185546875
-1,2668609619140625
-1,3128280639648438
-1,3586044311523438
-1,403975486755371
-1,448822021484375
-1,4932632446289062
-1,5371322631835938
-1,5805244445800781
-1,6233444213867188
-1,6658782958984375
-1,7076492309570312
-1,7486572265625
-1,789093017578125
-1,8291473388671875
-1,8688201904296875
-1,9069671630859375
-1,94549560546875
-1,982879638671875
-2,020263671875
-2,05535888671875
-2,0904541015625
-2,12554931640625
-2,15911865234375
-2,19268798828125
-2,2247314453125
-2,254486083984375
-2,2857666015625
-2,31475830078125
-2,344512939453125
-2,37274169921875
-2,399444580078125
-2,42462158203125
-2,4505615234375
-2,4749755859375
-2,49786376953125
-2,52227783203125
-2,54364013671875
-2,56195068359375
-2,5848388671875
-2,6031494140625
-2,61993408203125
-2,63824462890625
-2,6519775390625
-2,667236328125
-2,68402099609375
-2,69317626953125
-2,70538330078125
-2,7191162109375
-2,7252197265625
-2,734375
-2,7435302734375
-2,7496337890625
-2,75421142578125
-2,7587890625
-2,76336669921875
-2,76641845703125
-2,76641845703125
-2,76641845703125
-2,76641845703125
-2,76336669921875
-2,76031494140625
-2,7557373046875
-2,75115966796875
-2,74505615234375
-2,73590087890625
-2,728271484375
-2,7191162109375
-2,7069091796875
-2,69622802734375
-2,6824951171875
-2,66876220703125
-2,655029296875
-2,63671875
-2,61993408203125
-2,6031494140625
-2,5848388671875
-2,5604248046875
-2,5390625
-2,5177001953125
-2,496337890625
-2,471923828125
-2,447509765625
-2,4200439453125
-2,392578125
-2,362060546875
-2,33154296875
-2,3040771484375
-2,2705078125
-2,2369384765625
-2,2064208984375
-2,1697998046875
-2,1392822265625
-2,1026611328125
-2,0660400390625
-2,0294189453125
-1,98974609375
-1,947021484375
-1,9073486328125
-1,86767578125
-1,824951171875
-1,7852783203125
-1,739501953125
-1,69677734375
-1,6510009765625
-1,60675048828125
-1,5594482421875
-1,5106201171875
-1,46331787109375
-1,416015625
-1,3671875
-1,318359375
-1,2664794921875
-1,214599609375
-1,16424560546875
-1,11236572265625
-1,06048583984375
-1,007080078125
-0,9521484375
-0,897216796875
-0,8453369140625
-0,7904052734375
-0,7354736328125
-0,67901611328125
-0,62255859375
-0,56610107421875
-0,5096435546875
-0,45318603515625
-0,39825439453125
-0,33721923828125
-0,27923583984375
-0,2227783203125
-0,16326904296875
-0,10528564453125
-0,04730224609375
0,01068115234375
0,0701904296875
0,128173828125
0,18768310546875
0,24566650390625
0,30517578125
0,36468505859375
0,42266845703125
0,4791259765625
0,53863525390625
0,59814453125
0,6561279296875
0,714111328125
0,772857666015625
0,830841064453125
0,8880615234375
0,945281982421875
1,003265380859375
1,059722900390625
1,11541748046875
1,171875
1,22833251953125
1,282501220703125
1,338958740234375
1,3927459716796875
1,447296142578125
1,500701904296875
1,554107666015625
1,6063690185546875
1,6590118408203125
1,7103195190429688
1,7610549926757812
1,8115997314453125
1,8611907958984375
1,910400390625
1,9587993621826172
2,00655460357666
2,0535945892333984
2,099943161010742
2,1455764770507812
2,190399169921875
2,2344589233398438
2,277374267578125
2,320098876953125
2,362060546875
2,4021148681640625
2,4425506591796875
2,4814605712890625
2,51922607421875
2,556610107421875
2,59246826171875
2,628326416015625
2,66265869140625
2,695465087890625
2,727508544921875
2,759552001953125
2,789306640625
2,81829833984375
2,8472900390625
2,874755859375
2,899932861328125
2,925872802734375
2,94952392578125
2,971649169921875
2,99530029296875
3,0120849609375
3,033447265625
3,0517578125
3,06854248046875
3,08380126953125
3,09906005859375
3,11279296875
3,125
3,13720703125
3,1463623046875
3,155517578125
3,16314697265625
3,167724609375
3,17535400390625
3,1768798828125
3,18145751953125
3,18145751953125
3,1829833984375
3,18145751953125
3,179931640625
3,17535400390625
3,16925048828125
3,16314697265625
3,155517578125
3,1494140625
3,1402587890625
3,1280517578125
3,1158447265625
3,10211181640625
3,08837890625
3,0731201171875
3,0548095703125
3,0364990234375
3,01666259765625
2,99530029296875
2,972412109375
2,9510498046875
2,9266357421875
2,9022216796875
2,874755859375
2,84576416015625
2,8167724609375
2,78778076171875
2,7587890625
2,7191162109375
2,6885986328125
2,6519775390625
2,618408203125
2,5848388671875
2,5482177734375
2,5054931640625
2,4658203125
2,4261474609375
2,386474609375
2,34375
2,2979736328125
2,252197265625
2,203369140625
2,16064453125
2,1087646484375
2,0660400390625
2,01416015625
1,96533203125
1,910400390625
1,8585205078125
1,8096923828125
1,7547607421875
1,6998291015625
1,64642333984375
1,5899658203125
1,53350830078125
1,47705078125
1,4190673828125
1,361083984375
1,30157470703125
1,2420654296875
1,18255615234375
1,12152099609375
1,06048583984375
0,99945068359375
0,9368896484375
0,87432861328125
0,81024169921875
0,7476806640625
0,68359375
0,6195068359375
0,555419921875
0,48980712890625
0,42572021484375
0,36163330078125
0,29449462890625
0,23040771484375
0,164794921875
0,09613037109375
0,03204345703125
-0,03509521484375
-0,1007080078125
-0,1678466796875
-0,2349853515625
-0,30059814453125
-0,36773681640625
-0,433349609375
-0,50048828125
-0,56610107421875
-0,634765625
-0,6988525390625
-0,7659912109375
-0,830078125
-0,897216796875
-0,958251953125
-1,025390625
-1,0894775390625
-1,152801513671875
-1,2176513671875
-1,28021240234375
-1,343536376953125
-1,4068603515625
-1,4678955078125
-1,529693603515625
-1,5899658203125
-1,6510009765625
-1,711273193359375
-1,77001953125
-1,828765869140625
-1,886749267578125
-1,94549560546875
-2,001190185546875
-2,0572662353515625
-2,1121978759765625
-2,166748046875
-2,220916748046875
-2,2735595703125
-2,3260116577148438
-2,3771286010742188
-2,4278640747070312
-2,4774551391601562
-2,526092529296875
-2,5739192962646484
-2,620816230773926
-2,6666641235351562
-2,7115821838378906
-2,7555465698242188
-2,7984619140625
-2,8402328491210938
-2,8812408447265625
-2,9209136962890625
-2,9598236083984375
-2,9972076416015625
-3,033447265625
-3,0689239501953125
-3,1032562255859375
-3,1360626220703125
-3,167724609375
-3,1982421875
-3,228759765625
-3,2562255859375
-3,282928466796875
-3,30963134765625
-3,333282470703125
-3,356170654296875
-3,3782958984375
-3,399658203125
-3,418731689453125
-3,436279296875
-3,45306396484375
-3,46832275390625
-3,48358154296875
-3,497314453125
-3,5064697265625
-3,51715087890625
-3,5247802734375
-3,533935546875
-3,53851318359375
-3,54461669921875
-3,546142578125
-3,5491943359375
-3,5491943359375
-3,5491943359375
-3,546142578125
-3,5430908203125
-3,53851318359375
-3,5308837890625
-3,52325439453125
-3,515625
-3,50341796875
-3,4912109375
-3,48052978515625
-3,4637451171875
-3,45001220703125
-3,43170166015625
-3,41339111328125
-3,3905029296875
-3,3721923828125
-3,3477783203125
-3,32489013671875
-3,29742431640625
-3,271484375
-3,24554443359375
-3,21502685546875
-3,18450927734375
-3,1524658203125
-3,118896484375
-3,08380126953125
-3,0487060546875
-3,01361083984375
-2,97393798828125
-2,93731689453125
-2,89459228515625
-2,8533935546875
-2,8106689453125
-2,764892578125
-2,72216796875
-2,67333984375
-2,630615234375
-2,581787109375
-2,532958984375
-2,484130859375
-2,42919921875
-2,3773193359375
-2,325439453125
-2,2705078125
-2,215576171875
-2,16064453125
-2,099609375
-2,0416259765625
-1,9805908203125
-1,922607421875
-1,861572265625
-1,800537109375
-1,7425537109375
-1,6815185546875
-1,6143798828125
-1,55029296875
-1,483154296875
-1,4190673828125
-1,35345458984375
-1,28631591796875
-1,21917724609375
-1,1505126953125
-1,0833740234375
-1,01470947265625
-0,94451904296875
-0,8758544921875
-0,8056640625
-0,7354736328125
-0,6622314453125
-0,59356689453125
-0,52032470703125
-0,4486083984375
-0,37689208984375
-0,30364990234375
-0,23193359375
-0,16021728515625
-0,08697509765625
-0,01373291015625
0,05950927734375
0,13275146484375
0,20599365234375
0,2777099609375
0,3509521484375
0,42572021484375
0,49896240234375
0,56915283203125
0,64239501953125
0,71563720703125
0,787353515625
0,85906982421875
0,9307861328125
1,0040283203125
1,07421875
1,14593505859375
1,214599609375
1,2847900390625
1,35498046875
1,42364501953125
1,495361328125
1,56097412109375
1,62811279296875
1,696014404296875
1,763153076171875
1,828765869140625
1,89361572265625
1,958465576171875
2,02178955078125
2,085113525390625
2,14691162109375
2,208709716796875
2,2705078125
2,33001708984375
2,3895263671875
2,448272705078125
2,506256103515625
2,56195068359375
2,6172637939453125
2,67181396484375
2,7256011962890625
2,7782440185546875
2,829742431640625
2,880859375
2,9296875
2,9783248901367188
3,0254364013671875
3,07159423828125
3,1167030334472656
3,1605005264282227
3,203141689300537
3,244638442993164
3,2848358154296875
3,323841094970703
3,3617019653320312
3,3979415893554688
3,4332275390625
3,466796875
3,499603271484375
3,5308837890625
3,5614013671875
3,589630126953125
3,617095947265625
3,64227294921875
3,66668701171875
3,690338134765625
3,711700439453125
3,731536865234375
3,7506103515625
3,76739501953125
3,7841796875
3,79791259765625
3,8116455078125
3,823089599609375
3,8330078125
3,841400146484375
3,8482666015625
3,85284423828125
3,85894775390625
3,8604736328125
3,8604736328125
3,86199951171875
3,8604736328125
3,85589599609375
3,85284423828125
3,84521484375
3,83758544921875
3,82843017578125
3,8177490234375
3,80401611328125
3,79180908203125
3,77655029296875
3,76129150390625
3,73992919921875
3,72161865234375
3,70025634765625
3,6773681640625
3,65447998046875
3,62701416015625
3,60107421875
3,57208251953125
3,5430908203125
3,51104736328125
3,47900390625
3,4454345703125
3,4088134765625
3,37371826171875
3,33251953125
3,2958984375
3,25469970703125
3,2135009765625
3,1707763671875
3,125
3,08074951171875
3,03192138671875
2,984619140625
2,93426513671875
2,88543701171875
2,83355712890625
2,7801513671875
2,7252197265625
2,67333984375
2,618408203125
2,557373046875
2,4993896484375
2,44140625
2,38037109375
2,3193359375
2,25830078125
2,1881103515625
2,1270751953125
2,0599365234375
1,995849609375
1,9287109375
1,8646240234375
1,7974853515625
1,727294921875
1,6571044921875
1,5869140625
1,513671875
1,4404296875
1,373291015625
1,2969970703125
1,2237548828125
1,153564453125
1,080322265625
1,0009765625
0,92620849609375
0,84991455078125
0,775146484375
0,69732666015625
0,62103271484375
0,543212890625
0,46539306640625
0,3875732421875
0,30975341796875
0,23193359375
0,15411376953125
0,07476806640625
-0,0030517578125
-0,0823974609375
-0,16021728515625
-0,2410888671875
-0,3173828125
-0,396728515625
-0,47607421875
-0,55389404296875
-0,6317138671875
-0,7080078125
-0,78582763671875
-0,8636474609375
-0,93994140625
-1,019287109375
-1,0955810546875
-1,171875
-1,2451171875
-1,32293701171875
-1,397705078125
-1,47247314453125
-1,5472412109375
-1,61895751953125
-1,69219970703125
-1,763916015625
-1,83563232421875
-1,90582275390625
-1,97601318359375
-2,04620361328125
-2,117919921875
-2,18353271484375
-2,25067138671875
-2,317047119140625
-2,3834228515625
-2,447509765625
-2,510833740234375
-2,57415771484375
-2,635955810546875
-2,69622802734375
-2,758026123046875
-2,8167724609375
-2,87322998046875
-2,930450439453125
-2,986907958984375
-3,041839599609375
-3,094482421875
-3,147125244140625
-3,1978607177734375
-3,2474517822265625
-3,2970428466796875
-3,3443450927734375
-3,3901214599609375
-3,4351348876953125
-3,4788131713867188
-3,5211563110351562
-3,562164306640625
-3,6017417907714844
-3,6399364471435547
-3,6767959594726562
-3,7122488021850586
-3,746318817138672
-3,778839111328125
-3,8103103637695312
-3,839874267578125
-3,86810302734375
-3,8951873779296875
-3,9203643798828125
-3,9440155029296875
-3,9661407470703125
-3,98712158203125
-4,006195068359375
-4,02374267578125
-4,039764404296875
-4,05426025390625
-4,0679931640625
-4,079437255859375
-4,088592529296875
-4,097747802734375
-4,103851318359375
-4,108428955078125
-4,11224365234375
-4,114532470703125
-4,11529541015625
-4,11376953125
-4,1107177734375
-4,10614013671875
-4,10003662109375
-4,09393310546875
-4,08172607421875
-4,0740966796875
-4,058837890625
-4,04510498046875
-4,0313720703125
-4,01458740234375
-3,9947509765625
-3,97491455078125
-3,955078125
-3,9306640625
-3,90472412109375
-3,87725830078125
-3,851318359375
-3,82232666015625
-3,790283203125
-3,7567138671875
-3,72314453125
-3,6895751953125
-3,65142822265625
-3,61175537109375
-3,57513427734375
-3,53240966796875
-3,4912109375
-3,4454345703125
-3,399658203125
-3,35540771484375
-3,30657958984375
-3,25927734375
-3,2073974609375
-3,155517578125
-3,10211181640625
-3,0487060546875
-2,9937744140625
-2,935791015625
-2,87933349609375
-2,81829833984375
-2,7587890625
-2,69927978515625
-2,63519287109375
-2,5726318359375
-2,50701904296875
-2,44293212890625
-2,3773193359375
-2,30712890625
-2,239990234375
-2,166748046875
-2,099609375
-2,0294189453125
-1,9561767578125
-1,8890380859375
-1,812744140625
-1,7364501953125
-1,666259765625
-1,5838623046875
-1,513671875
-1,4373779296875
-1,35498046875
-1,28173828125
-1,202392578125
-1,123046875
-1,043701171875
-0,96435546875
-0,8819580078125
-0,8056640625
-0,7232666015625
-0,6439208984375
-0,5584716796875
-0,47607421875
-0,3936767578125
-0,311279296875
-0,2288818359375
-0,146484375
-0,0640869140625
0,01983642578125
0,10223388671875
0,18463134765625
0,27008056640625
0,3509521484375
0,433349609375
0,5157470703125
0,59967041015625
0,68206787109375
0,762939453125
0,84686279296875
0,92926025390625
1,007080078125
1,0894775390625
1,17034912109375
1,251220703125
1,32904052734375
1,409912109375
1,48773193359375
1,56402587890625
1,64337158203125
1,72119140625
1,7974853515625
1,87225341796875
1,94549560546875
2,02178955078125
2,0965576171875
2,166748046875
2,239990234375
2,31170654296875
2,38037109375
2,4505615234375
2,520751953125
2,58636474609375
2,65350341796875
2,7191162109375
2,783203125
2,8472900390625
2,90985107421875
2,97088623046875
3,031158447265625
3,08990478515625
3,14788818359375
3,20587158203125
3,26080322265625
3,314971923828125
3,368377685546875
3,41949462890625
3,4698486328125
3,52020263671875
3,566741943359375
3,61328125
3,6586761474609375
3,7021636962890625
3,7445068359375
3,7853240966796875
3,8249969482421875
3,862762451171875
3,8995742797851562
3,9340972900390625
3,9676666259765625
3,9997100830078125
4,030132293701172
4,058980941772461
4,086273908615112
4,112005233764648
4,136180877685547
4,158782958984375
4,179573059082031
4,199028015136719
4,216766357421875
4,2331695556640625
4,2476654052734375
4,26025390625
4,2713165283203125
4,280853271484375
4,2888641357421875
4,29534912109375
4,2999267578125
4,302978515625
4,30450439453125
4,303741455078125
4,30145263671875
4,297637939453125
4,29229736328125
4,285430908203125
4,27703857421875
4,266357421875
4,254913330078125
4,24041748046875
4,22515869140625
4,2083740234375
4,18853759765625
4,17022705078125
4,1473388671875
4,12445068359375
4,0985107421875
4,07257080078125
4,0435791015625
4,01458740234375
3,9825439453125
3,948974609375
3,9154052734375
3,8787841796875
3,84063720703125
3,80096435546875
3,7628173828125
3,7200927734375
3,6773681640625
3,631591796875
3,5858154296875
3,53546142578125
3,4881591796875
3,436279296875
3,3843994140625
3,33251953125
3,27911376953125
3,22265625
3,1646728515625
3,10821533203125
3,04718017578125
2,98614501953125
2,923583984375
2,86102294921875
2,7984619140625
2,7313232421875
2,66571044921875
2,59857177734375
2,52838134765625
2,459716796875
2,3895263671875
2,31781005859375
2,24761962890625
2,1728515625
2,09808349609375
2,0233154296875
1,9439697265625
1,8707275390625
1,7913818359375
1,715087890625
1,6387939453125
1,556396484375
1,4801025390625
1,397705078125
1,3153076171875
1,23291015625
1,1474609375
1,068115234375
0,982666015625
0,9033203125
0,81787109375
0,7354736328125
0,6500244140625
0,5615234375
0,47607421875
0,3936767578125
0,30517578125
0,2227783203125
0,13427734375
0,048828125
-0,0335693359375
-0,12054443359375
-0,20751953125
-0,29296875
-0,37841796875
-0,46539306640625
-0,55084228515625
-0,63629150390625
-0,72174072265625
-0,8056640625
-0,89263916015625
-0,97503662109375
-1,0589599609375
-1,141357421875
-1,22528076171875
-1,30767822265625
-1,39007568359375
-1,4739990234375
-1,55181884765625
-1,6326904296875
-1,715087890625
-1,79290771484375
-1,87225341796875
-1,9500732421875
-2,0263671875
-2,10418701171875
-2,178955078125
-2,2552490234375
-2,33001708984375
-2,40020751953125
-2,471923828125
-2,54669189453125
-2,6153564453125
-2,685546875
-2,75421142578125
-2,81982421875
-2,886962890625
-2,95257568359375
-3,01513671875
-3,0792236328125
-3,1402587890625
-3,2012939453125
-3,25927734375
-3,31878662109375
-3,375244140625
-3,430938720703125
-3,485107421875
-3,537750244140625
-3,589630126953125
-3,639984130859375
-3,68804931640625
-3,7353515625
-3,7811279296875
-3,82537841796875
-3,868865966796875
-3,910064697265625
-3,95050048828125
-3,989410400390625
-4,0256500244140625
-4,0607452392578125
-4,0943145751953125
-4,1271209716796875
-4,1576385498046875
-4,186248779296875
-4,213714599609375
-4,239654541015625
-4,263877868652344
-4,286384582519531
-4,307270050048828
-4,326438903808594
-4,344010353088379
-4,359889030456543
-4,374074935913086
-4,3865203857421875
-4,397392272949219
-4,4063568115234375
-4,413795471191406
-4,419517517089844
-4,4231414794921875
-4,425811767578125
-4,4261932373046875
-4,425048828125
-4,4219970703125
-4,41741943359375
-4,41131591796875
-4,4036865234375
-4,393768310546875
-4,383087158203125
-4,36859130859375
-4,354095458984375
-4,33807373046875
-4,320526123046875
-4,300689697265625
-4,278564453125
-4,254913330078125
-4,230499267578125
-4,20379638671875
-4,175567626953125
-4,1473388671875
-4,11376953125
-4,08172607421875
-4,04815673828125
-4,01153564453125
-3,97186279296875
-3,93524169921875
-3,89404296875
-3,851318359375
-3,80706787109375
-3,76129150390625
-3,71551513671875
-3,66668701171875
-3,61785888671875
-3,56597900390625
-3,515625
-3,45916748046875
-3,40728759765625
-3,350830078125
-3,2928466796875
-3,23333740234375
-3,1707763671875
-3,11126708984375
-3,0487060546875
-2,98309326171875
-2,9205322265625
-2,8533935546875
-2,7862548828125
-2,71453857421875
-2,64739990234375
-2,57720947265625
-2,50396728515625
-2,4322509765625
-2,36053466796875
-2,28424072265625
-2,20947265625
-2,1331787109375
-2,05535888671875
-1,9775390625
-1,89971923828125
-1,82037353515625
-1,739501953125
-1,65863037109375
-1,5777587890625
-1,495361328125
-1,4129638671875
-1,33056640625
-1,2481689453125
-1,15966796875
-1,080322265625
-0,9918212890625
-0,909423828125
-0,8209228515625
-0,732421875
-0,6500244140625
-0,5615234375
-0,4730224609375
-0,390625
-0,3021240234375
-0,20751953125
-0,1251220703125
-0,03662109375
0,054931640625
0,1373291015625
0,225830078125
0,311279296875
0,40283203125
0,48828125
0,57373046875
0,6622314453125
0,74920654296875
0,83465576171875
0,921630859375
1,007080078125
1,092529296875
1,177978515625
1,26190185546875
1,34735107421875
1,42974853515625
1,51214599609375
1,59454345703125
1,67694091796875
1,75933837890625
1,83868408203125
1,91802978515625
1,99737548828125
2,07672119140625
2,15301513671875
2,2308349609375
2,30560302734375
2,38037109375
2,45513916015625
2,52838134765625
2,59857177734375
2,67181396484375
2,74200439453125
2,80914306640625
2,87933349609375
2,94342041015625
3,01055908203125
3,076171875
3,13873291015625
3,2012939453125
3,26080322265625
3,32183837890625
3,37982177734375
3,43780517578125
3,49273681640625
3,54766845703125
3,60107421875
3,65142822265625
3,7017822265625
3,75213623046875
3,7994384765625
3,84521484375
3,88946533203125
3,932952880859375
3,974151611328125
4,0130615234375
4,05120849609375
4,088592529296875
4,123687744140625
4,156494140625
4,1900634765625
4,219818115234375
4,248809814453125
4,2755126953125
4,3010711669921875
4,325103759765625
4,3476104736328125
4,3670654296875
4,3865203857421875
4,4036865234375
4,418754577636719
4,4322967529296875
4,4445037841796875
4,454803466796875
4,46319580078125
4,469871520996094
4,474902153015137
4,478216171264648
4,479789733886719
4,4795989990234375
4,477691650390625
4,4742584228515625
4,468727111816406
4,4612884521484375
4,4528961181640625
4,442596435546875
4,430389404296875
4,4158935546875
4,399871826171875
4,383087158203125
4,364013671875
4,3426513671875
4,320526123046875
4,296875
4,27093505859375
4,24346923828125
4,2144775390625
4,1839599609375
4,151153564453125
4,117584228515625
4,08172607421875
4,04510498046875
4,006195068359375
3,96575927734375
3,92303466796875
3,88031005859375
3,83453369140625
3,790283203125
3,74298095703125
3,692626953125
3,64227294921875
3,59039306640625
3,5369873046875
3,4820556640625
3,42559814453125
3,36761474609375
3,30963134765625
3,2501220703125
3,18756103515625
3,12652587890625
3,0609130859375
2,99835205078125
2,9296875
2,862548828125
2,79693603515625
2,7252197265625
2,65655517578125
2,5848388671875
2,51007080078125
2,4383544921875
2,3651123046875
2,288818359375
2,2125244140625
2,13623046875
2,056884765625
1,97906494140625
1,89971923828125
1,82037353515625
1,73797607421875
1,6571044921875
1,57470703125
1,4923095703125
1,40838623046875
1,324462890625
1,24053955078125
1,15509033203125
1,06964111328125
0,98419189453125
0,9002685546875
0,8148193359375
0,7232666015625
0,6378173828125
0,54931640625
0,4608154296875
0,372314453125
0,2838134765625
0,1983642578125
0,10986328125
0,0244140625
-0,0640869140625
-0,1556396484375
-0,2410888671875
-0,3326416015625
-0,4180908203125
-0,5035400390625
-0,5889892578125
-0,677490234375
-0,7659912109375
-0,8514404296875
-0,9368896484375
-1,025390625
-1,1077880859375
-1,1962890625
-1,28021240234375
-1,3641357421875
-1,44805908203125
-1,5289306640625
-1,61285400390625
-1,6937255859375
-1,776123046875
-1,85546875
-1,934814453125
-2,01416015625
-2,09197998046875
-2,16827392578125
-2,24609375
-2,3223876953125
-2,3956298828125
-2,4688720703125
-2,5421142578125
-2,61383056640625
-2,685546875
-2,7557373046875
-2,8228759765625
-2,89306640625
-2,9571533203125
-3,0242919921875
-3,08685302734375
-3,15093994140625
-3,21197509765625
-3,27301025390625
-3,33251953125
-3,387451171875
-3,44696044921875
-3,5003662109375
-3,5552978515625
-3,60565185546875
-3,6590576171875
-3,7078857421875
-3,7567138671875
-3,802490234375
-3,8482666015625
-3,8909912109375
-3,93524169921875
-3,97491455078125
-4,01458740234375
-4,052734375
-4,08782958984375
-4,122161865234375
-4,155731201171875
-4,18701171875
-4,217529296875
-4,244232177734375
-4,27093505859375
-4,29534912109375
-4,319000244140625
-4,340362548828125
-4,360198974609375
-4,37774658203125
-4,393768310546875
-4,40826416015625
-4,4216156005859375
-4,4330596923828125
-4,4422149658203125
-4,450225830078125
-4,4559478759765625
-4,4605255126953125
-4,46319580078125
-4,464149475097656
-4,46319580078125
-4,4605255126953125
-4,456138610839844
-4,450130462646484
-4,442375898361206
-4,432916641235352
-4,421710968017578
-4,408836364746094
-4,3941497802734375
-4,37774658203125
-4,360008239746094
-4,340362548828125
-4,319000244140625
-4,2957305908203125
-4,27093505859375
-4,244232177734375
-4,2163848876953125
-4,1873931884765625
-4,155731201171875
-4,123687744140625
-4,08935546875
-4,052734375
-4,015350341796875
-3,975677490234375
-3,936004638671875
-3,89404296875
-3,849029541015625
-3,80401611328125
-3,75823974609375
-3,710174560546875
-3,66058349609375
-3,609466552734375
-3,55682373046875
-3,50494384765625
-3,448486328125
-3,3935546875
-3,3355712890625
-3,27606201171875
-3,216552734375
-3,15399169921875
-3,09295654296875
-3,02734375
-2,9632568359375
-2,89764404296875
-2,83050537109375
-2,7618408203125
-2,691650390625
-2,6214599609375
-2,55126953125
-2,47802734375
-2,40478515625
-2,33154296875
-2,25677490234375
-2,18048095703125
-2,10418701171875
-2,0263671875
-1,947021484375
-1,86767578125
-1,788330078125
-1,71051025390625
-1,62811279296875
-1,54571533203125
-1,46484375
-1,3824462890625
-1,29852294921875
-1,21307373046875
-1,129150390625
-1,04522705078125
-0,95977783203125
-0,8758544921875
-0,78887939453125
-0,70343017578125
-0,616455078125
-0,52947998046875
-0,44403076171875
-0,3570556640625
-0,2685546875
-0,1861572265625
-0,09765625
-0,0091552734375
0,0762939453125
0,1617431640625
0,250244140625
0,335693359375
0,4241943359375
0,5096435546875
0,59814453125
0,68359375
0,76904296875
0,8544921875
0,93994140625
1,0223388671875
1,1077880859375
1,1962890625
1,2786865234375
1,3580322265625
1,4434814453125
1,519775390625
1,605224609375
1,6815185546875
1,7608642578125
1,84326171875
1,922607421875
1,9989013671875
2,0751953125
2,1514892578125
2,227783203125
2,29949951171875
2,374267578125
2,447509765625
2,5177001953125
2,587890625
2,6580810546875
2,72674560546875
2,7923583984375
2,85797119140625
2,923583984375
2,9876708984375
3,0517578125
3,11279296875
3,1707763671875
3,2318115234375
3,28826904296875
3,34625244140625
3,40118408203125
3,45458984375
3,50799560546875
3,558349609375
3,607177734375
3,656005859375
3,70330810546875
3,74755859375
3,7933349609375
3,83453369140625
3,875732421875
3,9154052734375
3,95355224609375
3,9886474609375
4,02374267578125
4,05731201171875
4,08782958984375
4,11834716796875
4,1473388671875
4,17633056640625
4,19921875
4,222869873046875
4,2449951171875
4,266357421875
4,283905029296875
4,300689697265625
4,315948486328125
4,329681396484375
4,341888427734375
4,352569580078125
4,3609619140625
4,367828369140625
4,372406005859375
4,376220703125
4,37774658203125
4,378509521484375
4,376983642578125
4,3735504150390625
4,3689727783203125
4,3621063232421875
4,354095458984375
4,3437957763671875
4,332160949707031
4,3186187744140625
4,303741455078125
4,286956787109375
4,2687177658081055
4,248762130737305
4,227113723754883
4,203891754150391
4,1790008544921875
4,152488708496094
4,12445068359375
4,094886779785156
4,0637969970703125
4,0309906005859375
3,9966583251953125
3,960418701171875
3,9234161376953125
3,8845062255859375
3,844451904296875
3,801727294921875
3,759002685546875
3,7139892578125
3,668212890625
3,620147705078125
3,57208251953125
3,520965576171875
3,469085693359375
3,415679931640625
3,36151123046875
3,30657958984375
3,249359130859375
3,192138671875
3,13262939453125
3,0731201171875
3,01055908203125
2,947998046875
2,88543701171875
2,81829833984375
2,752685546875
2,685546875
2,61688232421875
2,5482177734375
2,47802734375
2,4078369140625
2,33612060546875
2,2613525390625
2,1881103515625
2,11639404296875
2,0416259765625
1,9622802734375
1,88751220703125
1,81121826171875
1,7333984375
1,65252685546875
1,57470703125
1,495361328125
1,41448974609375
1,33056640625
1,251220703125
1,17034912109375
1,08795166015625
1,00555419921875
0,921630859375
0,8392333984375
0,7537841796875
0,66986083984375
0,5859375
0,50201416015625
0,4180908203125
0,3326416015625
0,24871826171875
0,16326904296875
0,079345703125
-0,006103515625
-0,09002685546875
-0,17547607421875
-0,2593994140625
-0,341796875
-0,42724609375
-0,5126953125
-0,5950927734375
-0,6805419921875
-0,762939453125
-0,8453369140625
-0,927734375
-1,0101318359375
-1,092529296875
-1,171875
-1,2542724609375
-1,33056640625
-1,4129638671875
-1,4923095703125
-1,568603515625
-1,64794921875
-1,727294921875
-1,8035888671875
-1,8768310546875
-1,953125
-2,0294189453125
-2,099609375
-2,1728515625
-2,24456787109375
-2,31475830078125
-2,38494873046875
-2,45361328125
-2,520751953125
-2,587890625
-2,655029296875
-2,71759033203125
-2,783203125
-2,84423828125
-2,9052734375
-2,96630859375
-3,0242919921875
-3,08380126953125
-3,13873291015625
-3,1951904296875
-3,2501220703125
-3,302001953125
-3,35540771484375
-3,40423583984375
-3,45458984375
-3,49884033203125
-3,54766845703125
-3,59039306640625
-3,63616943359375
-3,67584228515625
-3,717041015625
-3,7567138671875
-3,79486083984375
-3,8299560546875
-3,86505126953125
-3,89556884765625
-3,92913818359375
-3,9581298828125
-3,98712158203125
-4,0130615234375
-4,03900146484375
-4,06341552734375
-4,08477783203125
-4,107666015625
-4,1229248046875
-4,1412353515625
-4,15802001953125
-4,1717529296875
-4,1839599609375
-4,19464111328125
-4,20379638671875
-4,210662841796875
-4,216766357421875
-4,22210693359375
-4,224395751953125
-4,225921630859375
-4,22515869140625
-4,22210693359375
-4,218292236328125
-4,21295166015625
-4,206085205078125
-4,19769287109375
-4,1866302490234375
-4,1748046875
-4,1614532470703125
-4,146575927734375
-4,1290283203125
-4,1107177734375
-4,091072082519531
-4,06951904296875
-4,046440124511719
-4,021644592285156
-3,995513916015625
-3,9678096771240234
-3,9385557174682617
-3,90779972076416
-3,8755416870117188
-3,841686248779297
-3,8066864013671875
-3,7700653076171875
-3,7319183349609375
-3,692626953125
-3,65142822265625
-3,6090850830078125
-3,5655975341796875
-3,5205841064453125
-3,473663330078125
-3,426361083984375
-3,377532958984375
-3,327178955078125
-3,275299072265625
-3,223419189453125
-3,16925048828125
-3,113555908203125
-3,057098388671875
-2,999114990234375
-2,94036865234375
-2,881622314453125
-2,82135009765625
-2,7587890625
-2,695465087890625
-2,63214111328125
-2,5665283203125
-2,50244140625
-2,435302734375
-2,36663818359375
-2,29644775390625
-2,22930908203125
-2,1575927734375
-2,08740234375
-2,01568603515625
-1,9439697265625
-1,86920166015625
-1,79595947265625
-1,72271728515625
-1,64794921875
-1,57012939453125
-1,495361328125
-1,41754150390625
-1,34124755859375
-1,263427734375
-1,18560791015625
-1,10626220703125
-1,02691650390625
-0,94757080078125
-0,86822509765625
-0,78887939453125
-0,70953369140625
-0,62713623046875
-0,54779052734375
-0,4638671875
-0,384521484375
-0,30364990234375
-0,2227783203125
-0,14190673828125
-0,06103515625
0,01983642578125
0,10223388671875
0,18310546875
0,26397705078125
0,34332275390625
0,4241943359375
0,5035400390625
0,5828857421875
0,66375732421875
0,74310302734375
0,823974609375
0,9002685546875
0,9796142578125
1,055908203125
1,1383056640625
1,214599609375
1,2908935546875
1,3671875
1,4404296875
1,513671875
1,5869140625
1,6632080078125
1,7333984375
1,806640625
1,8798828125
1,947021484375
2,0172119140625
2,0843505859375
2,1514892578125
2,2186279296875
2,288818359375
2,3529052734375
2,4169921875
2,4749755859375
2,5421142578125
2,60009765625
2,66265869140625
2,72064208984375
2,77862548828125
2,83660888671875
2,89154052734375
2,94647216796875
2,9998779296875
3,0517578125
3,1036376953125
3,1524658203125
3,2012939453125
3,2470703125
3,29437255859375
3,34014892578125
3,38134765625
3,424072265625
3,4637451171875
3,50341796875
3,54156494140625
3,57818603515625
3,61175537109375
3,64837646484375
3,67889404296875
3,7109375
3,73992919921875
3,76739501953125
3,79180908203125
3,81927490234375
3,84063720703125
3,86199951171875
3,88336181640625
3,90167236328125
3,91845703125
3,9337158203125
3,948974609375
3,961181640625
3,973388671875
3,9825439453125
3,99017333984375
3,99627685546875
4,0008544921875
4,00390625
4,00543212890625
4,0069580078125
4,00543212890625
4,003143310546875
3,998565673828125
3,990936279296875
3,98406982421875
3,975677490234375
3,964996337890625
3,952789306640625
3,939056396484375
3,923797607421875
3,90777587890625
3,88946533203125
3,86962890625
3,8482666015625
3,82537841796875
3,8013458251953125
3,775787353515625
3,74908447265625
3,7204742431640625
3,6909103393554688
3,659820556640625
3,62701416015625
3,5930633544921875
3,5576820373535156
3,5210132598876953
3,483027219772339
3,4436702728271484
3,402996063232422
3,361034393310547
3,3178329467773438
3,2735824584960938
3,2278060913085938
3,1810760498046875
3,13262939453125
3,0834197998046875
3,032684326171875
2,9815673828125
2,9285430908203125
2,8751373291015625
2,820587158203125
2,764129638671875
2,707672119140625
2,649688720703125
2,5909423828125
2,530670166015625
2,47039794921875
2,408599853515625
2,346038818359375
2,28271484375
2,2186279296875
2,153778076171875
2,08740234375
2,021026611328125
1,953125
1,88446044921875
1,81732177734375
1,7486572265625
1,678466796875
1,60675048828125
1,5350341796875
1,46331787109375
1,39312744140625
1,31988525390625
1,24664306640625
1,17340087890625
1,0986328125
1,025390625
0,95062255859375
0,87738037109375
0,8026123046875
0,72784423828125
0,6500244140625
0,57373046875
0,49896240234375
0,42266845703125
0,34637451171875
0,27008056640625
0,19378662109375
0,11749267578125
0,04119873046875
-0,0335693359375
-0,10986328125
-0,1861572265625
-0,26397705078125
-0,3387451171875
-0,4150390625
-0,48828125
-0,5645751953125
-0,63934326171875
-0,71258544921875
-0,78582763671875
-0,860595703125
-0,933837890625
-1,007080078125
-1,07879638671875
-1,1505126953125
-1,220703125
-1,2908935546875
-1,3641357421875
-1,434326171875
-1,50146484375
-1,568603515625
-1,6357421875
-1,702880859375
-1,77001953125
-1,837158203125
-1,9012451171875
-1,96533203125
-2,0263671875
-2,0904541015625
-2,1514892578125
-2,2125244140625
-2,2735595703125
-2,3345947265625
-2,392578125
-2,44140625
-2,4993896484375
-2,5543212890625
-2,6123046875
-2,6641845703125
-2,7099609375
-2,7618408203125
-2,813720703125
-2,86102294921875
-2,9083251953125
-2,9541015625
-2,9998779296875
-3,0426025390625
-3,0853271484375
-3,125
-3,1646728515625
-3,20281982421875
-3,240966796875
-3,277587890625
-3,3111572265625
-3,3447265625
-3,375244140625
-3,4088134765625
-3,43475341796875
-3,46527099609375
-3,48968505859375
-3,515625
-3,5400390625
-3,56292724609375
-3,582763671875
-3,60260009765625
-3,619384765625
-3,63616943359375
-3,6529541015625
-3,66668701171875
-3,6773681640625
-3,68804931640625
-3,69720458984375
-3,7078857421875
-3,7139892578125
-3,71856689453125
-3,72161865234375
-3,72467041015625
-3,72467041015625
-3,72467041015625
-3,72161865234375
-3,7200927734375
-3,7139892578125
-3,70941162109375
-3,70025634765625
-3,691864013671875
-3,681182861328125
-3,668975830078125
-3,655242919921875
-3,639984130859375
-3,624725341796875
-3,606414794921875
-3,58734130859375
-3,566741943359375
-3,545379638671875
-3,522491455078125
-3,497314453125
-3,472137451171875
-3,4454345703125
-3,41644287109375
-3,386688232421875
-3,3557891845703125
-3,3233642578125
-3,2901763916015625
-3,255462646484375
-3,218841552734375
-3,1820297241210938
-3,1436920166015625
-3,1040191650390625
-3,0633926391601562
-3,0216217041015625
-2,9786109924316406
-2,9345273971557617
-2,8893470764160156
-2,8430938720703125
-2,7957916259765625
-2,747344970703125
-2,6979446411132812
-2,6479721069335938
-2,5966644287109375
-2,5440216064453125
-2,490997314453125
-2,4372100830078125
-2,38189697265625
-2,326202392578125
-2,26898193359375
-2,2125244140625
-2,15301513671875
-2,09503173828125
-2,034759521484375
-1,9744873046875
-1,912689208984375
-1,85089111328125
-1,788330078125
-1,72576904296875
-1,66168212890625
-1,59759521484375
-1,532745361328125
-1,467132568359375
-1,40228271484375
-1,3336181640625
-1,26800537109375
-1,202392578125
-1,1322021484375
-1,0650634765625
-0,99639892578125
-0,92926025390625
-0,85906982421875
-0,7904052734375
-0,72174072265625
-0,65155029296875
-0,5828857421875
-0,51116943359375
-0,44097900390625
-0,37078857421875
-0,30059814453125
-0,23040771484375
-0,1617431640625
-0,09002685546875
-0,01983642578125
0,048828125
0,12054443359375
0,18768310546875
0,2593994140625
0,32958984375
0,396728515625
0,4669189453125
0,53558349609375
0,60272216796875
0,66986083984375
0,738525390625
0,8056640625
0,872802734375
0,93994140625
1,007080078125
1,07269287109375
1,13677978515625
1,202392578125
1,2664794921875
1,33056640625
1,39312744140625
1,4556884765625
1,5167236328125
1,580810546875
1,6357421875
1,6998291015625
1,7578125
1,81884765625
1,8707275390625
1,9287109375
1,983642578125
2,0416259765625
2,0965576171875
2,1453857421875
2,203369140625
2,252197265625
2,2979736328125
2,349853515625
2,4017333984375
2,4444580078125
2,4932861328125
2,5421142578125
2,581787109375
2,6275634765625
2,6702880859375
2,7099609375
2,7496337890625
2,789306640625
2,82440185546875
2,86407470703125
2,899169921875
2,9327392578125
2,96630859375
2,99835205078125
3,02886962890625
3,05938720703125
3,08685302734375
3,11431884765625
3,1402587890625
3,1646728515625
3,1890869140625
3,21044921875
3,2318115234375
3,2501220703125
3,2684326171875
3,28521728515625
3,302001953125
3,314208984375
3,32794189453125
3,34014892578125
3,35235595703125
3,3599853515625
3,36761474609375
3,375244140625
3,3782958984375
3,38287353515625
3,3843994140625
3,387451171875
3,387451171875
3,38592529296875
3,38287353515625
3,37982177734375
3,37371826171875
3,36761474609375
3,3599853515625
3,34930419921875
3,34014892578125
3,326416015625
3,314208984375
3,2989501953125
3,28521728515625
3,26690673828125
3,249359130859375
3,23028564453125
3,20892333984375
3,188323974609375
3,163909912109375
3,1402587890625
3,1158447265625
3,089141845703125
3,0609130859375
3,03192138671875
3,00140380859375
2,97088623046875
2,938079833984375
2,9052734375
2,8705596923828125
2,8350830078125
2,7984619140625
2,7606964111328125
2,72216796875
2,6828765869140625
2,642059326171875
2,6006698608398438
2,558135986328125
2,5146484375
2,47039794921875
2,425098419189453
2,3789167404174805
2,3319482803344727
2,2841453552246094
2,23541259765625
2,1860122680664062
2,1358489990234375
2,0845413208007812
2,033233642578125
1,9805908203125
1,92718505859375
1,8733978271484375
1,81884765625
1,763916015625
1,708221435546875
1,65252685546875
1,595306396484375
1,5380859375
1,4801025390625
1,422119140625
1,363372802734375
1,3031005859375
1,24359130859375
1,184844970703125
1,123046875
1,062774658203125
1,0009765625
0,93994140625
0,878143310546875
0,81787109375
0,7537841796875
0,6927490234375
0,628662109375
0,567626953125
0,5035400390625
0,44097900390625
0,37841796875
0,31585693359375
0,25177001953125
0,189208984375
0,12664794921875
0,06256103515625
0,00152587890625
-0,06256103515625
-0,1251220703125
-0,18768310546875
-0,24871826171875
-0,31280517578125
-0,37384033203125
-0,4364013671875
-0,49896240234375
-0,5584716796875
-0,62103271484375
-0,68206787109375
-0,74310302734375
-0,80108642578125
-0,85906982421875
-0,9185791015625
-0,9765625
-1,03607177734375
-1,092529296875
-1,1505126953125
-1,20697021484375
-1,26190185546875
-1,318359375
-1,373291015625
-1,42669677734375
-1,48162841796875
-1,531982421875
-1,58538818359375
-1,63726806640625
-1,6876220703125
-1,7364501953125
-1,7852783203125
-1,8341064453125
-1,8829345703125
-1,9317626953125
-1,9744873046875
-2,020263671875
-2,0660400390625
-2,105712890625
-2,1514892578125
-2,191162109375
-2,23388671875
-2,2735595703125
-2,3101806640625
-2,3529052734375
-2,3895263671875
-2,423095703125
-2,4566650390625
-2,496337890625
-2,5238037109375
-2,5543212890625
-2,587890625
-2,6153564453125
-2,64892578125
-2,67333984375
-2,7008056640625
-2,7252197265625
-2,75115966796875
-2,7740478515625
-2,79388427734375
-2,8167724609375
-2,8350830078125
-2,85491943359375
-2,87322998046875
-2,88848876953125
-2,9052734375
-2,91900634765625
-2,93121337890625
-2,94342041015625
-2,95257568359375
-2,9632568359375
-2,972412109375
-2,978515625
-2,984619140625
-2,99072265625
-2,9937744140625
-2,99530029296875
-2,996826171875
-2,996826171875
-2,996826171875
-2,99530029296875
-2,98919677734375
-2,98614501953125
-2,98004150390625
-2,97393798828125
-2,96630859375
-2,95562744140625
-2,9449462890625
-2,935791015625
-2,92205810546875
-2,9083251953125
-2,89306640625
-2,8778076171875
-2,86102294921875
-2,84271240234375
-2,8228759765625
-2,801513671875
-2,78167724609375
-2,76031494140625
-2,73590087890625
-2,712249755859375
-2,686309814453125
-2,660369873046875
-2,632904052734375
-2,605438232421875
-2,574920654296875
-2,545928955078125
-2,513885498046875
-2,481842041015625
-2,449798583984375
-2,41546630859375
-2,38037109375
-2,34527587890625
-2,307891845703125
-2,271270751953125
-2,233123779296875
-2,1938323974609375
-2,154541015625
-2,1137237548828125
-2,0725250244140625
-2,0305633544921875
-1,9880294799804688
-1,944732666015625
-1,9005775451660156
-1,8558502197265625
-1,810598373413086
-1,7646193504333496
-1,7180442810058594
-1,67083740234375
-1,6230583190917969
-1,5748977661132812
-1,5262603759765625
-1,4768600463867188
-1,4270782470703125
-1,3763427734375
-1,3263702392578125
-1,2752532958984375
-1,2233734130859375
-1,171875
-1,1196136474609375
-1,067352294921875
-1,01470947265625
-0,9613037109375
-0,907135009765625
-0,853729248046875
-0,799560546875
-0,74615478515625
-0,691986083984375
-0,637054443359375
-0,582122802734375
-0,527191162109375
-0,4730224609375
-0,4180908203125
-0,3631591796875
-0,3082275390625
-0,25177001953125
-0,1983642578125
-0,1434326171875
-0,0885009765625
-0,0335693359375
0,0213623046875
0,0762939453125
0,1312255859375
0,18463134765625
0,23956298828125
0,29144287109375
0,34637451171875
0,3997802734375
0,4547119140625
0,50811767578125
0,55999755859375
0,61187744140625
0,665283203125
0,7171630859375
0,76904296875
0,81634521484375
0,86669921875
0,91705322265625
0,96893310546875
1,0162353515625
1,0650634765625
1,1138916015625
1,16119384765625
1,20697021484375
1,2542724609375
1,300048828125
1,3458251953125
1,39007568359375
1,43280029296875
1,47705078125
1,519775390625
1,5625
1,60369873046875
1,64337158203125
1,68304443359375
1,72271728515625
1,7608642578125
1,7974853515625
1,8341064453125
1,8707275390625
1,904296875
1,94091796875
1,9775390625
2,0050048828125
2,0355224609375
2,069091796875
2,099609375
2,1270751953125
2,16064453125
2,18505859375
2,2125244140625
2,23388671875
2,2613525390625
2,288818359375
2,3101806640625
2,33154296875
2,349853515625
2,3681640625
2,392578125
2,4078369140625
2,423095703125
2,4444580078125
2,459716796875
2,47039794921875
2,48260498046875
2,49481201171875
2,50701904296875
2,51617431640625
2,52532958984375
2,532958984375
2,5390625
2,54669189453125
2,55126953125
2,5543212890625
2,557373046875
2,5604248046875
2,5604248046875
2,5604248046875
2,55889892578125
2,557373046875
2,5543212890625
2,55126953125
2,54669189453125
2,54058837890625
2,53143310546875
2,52532958984375
2,5177001953125
2,50701904296875
2,496337890625
2,48260498046875
2,4688720703125
2,45819091796875
2,44293212890625
2,42767333984375
2,410888671875
2,39410400390625
2,374267578125
2,35595703125
2,33612060546875
2,31475830078125
2,29339599609375
2,2705078125
2,24609375
2,22320556640625
2,197265625
2,1728515625
2,146148681640625
2,118682861328125
2,089691162109375
2,06146240234375
2,031707763671875
2,001953125
1,96990966796875
1,938629150390625
1,905059814453125
1,873016357421875
1,83868408203125
1,804351806640625
1,769256591796875
1,7333984375
1,6971588134765625
1,6605377197265625
1,622772216796875
1,58538818359375
1,5468597412109375
1,507568359375
1,4682769775390625
1,42822265625
1,387786865234375
1,3471603393554688
1,3055801391601562
1,2638092041015625
1,2217283248901367
1,1792540550231934
1,1363983154296875
1,0931968688964844
1,0498046875
1,0057449340820312
0,9618759155273438
0,9174346923828125
0,872802734375
0,8281707763671875
0,78277587890625
0,737762451171875
0,691986083984375
0,646209716796875
0,6011962890625
0,555419921875
0,5096435546875
0,463104248046875
0,41656494140625
0,37078857421875
0,32501220703125
0,278472900390625
0,232696533203125
0,1861572265625
0,139617919921875
0,093841552734375
0,048065185546875
0,002288818359375
-0,042724609375
-0,0885009765625
-0,13427734375
-0,1800537109375
-0,22430419921875
-0,2716064453125
-0,31585693359375
-0,360107421875
-0,40435791015625
-0,44708251953125
-0,4913330078125
-0,53558349609375
-0,5767822265625
-0,62103271484375
-0,6622314453125
-0,7049560546875
-0,74615478515625
-0,787353515625
-0,82855224609375
-0,86669921875
-0,90789794921875
-0,94757080078125
-0,98724365234375
-1,025390625
-1,06201171875
-1,0986328125
-1,1383056640625
-1,17340087890625
-1,20849609375
-1,2451171875
-1,2786865234375
-1,312255859375
-1,3458251953125
-1,37939453125
-1,41143798828125
-1,44195556640625
-1,47247314453125
-1,50299072265625
-1,53350830078125
-1,5625
-1,5899658203125
-1,617431640625
-1,6448974609375
-1,67083740234375
-1,6937255859375
-1,72119140625
-1,7425537109375
-1,77001953125
-1,788330078125
-1,812744140625
-1,8280029296875
-1,849365234375
-1,8707275390625
-1,885986328125
-1,9073486328125
-1,9256591796875
-1,94091796875
-1,9561767578125
-1,96533203125
-1,9805908203125
-1,995849609375
-2,008056640625
-2,020263671875
-2,0294189453125
-2,0416259765625
-2,044677734375
-2,05078125
-2,06298828125
-2,069091796875
-2,0721435546875
-2,07672119140625
-2,081298828125
-2,0843505859375
-2,08587646484375
-2,08587646484375
-2,08740234375
-2,08740234375
-2,08587646484375
-2,08282470703125
-2,07977294921875
-2,07672119140625
-2,0721435546875
-2,0660400390625
-2,0599365234375
-2,0538330078125
-2,044677734375
-2,03704833984375
-2,02789306640625
-2,01568603515625
-2,00653076171875
-1,99432373046875
-1,983642578125
-1,9683837890625
-1,9561767578125
-1,94244384765625
-1,92718505859375
-1,910400390625
-1,89361572265625
-1,87530517578125
-1,8585205078125
-1,837158203125
-1,81884765625
-1,79901123046875
-1,7791748046875
-1,75628662109375
-1,73492431640625
-1,7120361328125
-1,68914794921875
-1,66473388671875
-1,641845703125
-1,61590576171875
-1,5899658203125
-1,5625
-1,5380859375
-1,5106201171875
-1,483154296875
-1,45416259765625
-1,42669677734375
-1,396942138671875
-1,3671875
-1,337432861328125
-1,306915283203125
-1,275634765625
-1,244354248046875
-1,212310791015625
-1,1810302734375
-1,148223876953125
-1,1157989501953125
-1,0822296142578125
-1,049041748046875
-1,0150909423828125
-0,9815216064453125
-0,946807861328125
-0,9124755859375
-0,8777618408203125
-0,8424758911132812
-0,8073806762695312
-0,7717132568359375
-0,7361412048339844
-0,7003068923950195
-0,6643533706665039
-0,6281852722167969
-0,5919456481933594
-0,5556106567382812
-0,5191802978515625
-0,4825592041015625
-0,446319580078125
-0,4093170166015625
-0,372314453125
-0,3360748291015625
-0,299072265625
-0,262451171875
-0,225830078125
-0,188446044921875
-0,152587890625
-0,115966796875
-0,079345703125
-0,042724609375
-0,006866455078125
0,029754638671875
0,064849853515625
0,1007080078125
0,136566162109375
0,17242431640625
0,20904541015625
0,243377685546875
0,278472900390625
0,31280517578125
0,347900390625
0,37994384765625
0,41656494140625
0,4486083984375
0,482177734375
0,5157470703125
0,54931640625
0,579833984375
0,6134033203125
0,6439208984375
0,67596435546875
0,70648193359375
0,738525390625
0,76751708984375
0,79498291015625
0,82550048828125
0,85601806640625
0,88348388671875
0,9124755859375
0,93841552734375
0,9674072265625
0,99029541015625
1,01776123046875
1,04217529296875
1,068115234375
1,092529296875
1,116943359375
1,14288330078125
1,1627197265625
1,18560791015625
1,20697021484375
1,22833251953125
1,24969482421875
1,26953125
1,287841796875
1,30767822265625
1,32598876953125
1,34429931640625
1,361083984375
1,37786865234375
1,39312744140625
1,40838623046875
1,42364501953125
1,4373779296875
1,4495849609375
1,46484375
1,4739990234375
1,4892578125
1,4984130859375
1,507568359375
1,519775390625
1,5289306640625
1,5350341796875
1,5411376953125
1,55029296875
1,5533447265625
1,5594482421875
1,5655517578125
1,5716552734375
1,57470703125
1,580810546875
1,5777587890625
1,5838623046875
1,5838623046875
1,580810546875
1,580810546875
1,5838623046875
1,580810546875
1,57928466796875
1,57623291015625
1,57318115234375
1,57012939453125
1,5655517578125
1,5594482421875
1,55487060546875
1,54876708984375
1,5411376953125
1,5350341796875
1,52587890625
1,5167236328125
1,50909423828125
1,4984130859375
1,48773193359375
1,47705078125
1,46484375
1,45416259765625
1,44195556640625
1,42822265625
1,4129638671875
1,4007568359375
1,385498046875
1,37176513671875
1,35498046875
1,33819580078125
1,32293701171875
1,30462646484375
1,28936767578125
1,26953125
1,25274658203125
1,23291015625
1,214599609375
1,19476318359375
1,1749267578125
1,15509033203125
1,13372802734375
1,11236572265625
1,09100341796875
1,06964111328125
1,04827880859375
1,02691650390625
1,0040283203125
0,9796142578125
0,955963134765625
0,93231201171875
0,90789794921875
0,88348388671875
0,859832763671875
0,835418701171875
0,809478759765625
0,785064697265625
0,7598876953125
0,734710693359375
0,708770751953125
0,682830810546875
0,656890869140625
0,63018798828125
0,6046295166015625
0,5779266357421875
0,5519866943359375
0,5252838134765625
0,498199462890625
0,47149658203125
0,44498443603515625
0,4180908203125
0,39119720458984375
0,3642082214355469
0,3373146057128906
0,31037330627441406
0,2833724021911621
0,2564430236816406
0,22954940795898438
0,20265579223632812
0,17566680908203125
0,14896392822265625
0,1224517822265625
0,0957489013671875
0,069427490234375
0,042724609375
0,01678466796875
-0,0095367431640625
-0,0354766845703125
-0,061798095703125
-0,08697509765625
-0,1129150390625
-0,138092041015625
-0,164031982421875
-0,188446044921875
-0,213623046875
-0,238800048828125
-0,263214111328125
-0,287628173828125
-0,311279296875
-0,333404541015625
-0,3570556640625
-0,380706787109375
-0,403594970703125
-0,42572021484375
-0,44708251953125
-0,469970703125
-0,49285888671875
-0,51422119140625
-0,5340576171875
-0,555419921875
-0,57525634765625
-0,5950927734375
-0,61492919921875
-0,634765625
-0,65460205078125
-0,67291259765625
-0,69122314453125
-0,70648193359375
-0,7232666015625
-0,74310302734375
-0,7598876953125
-0,77667236328125
-0,79193115234375
-0,80718994140625
-0,8209228515625
-0,836181640625
-0,848388671875
-0,86212158203125
-0,87738037109375
-0,89111328125
-0,90179443359375
-0,91400146484375
-0,92620849609375
-0,9368896484375
-0,946044921875
-0,95672607421875
-0,96893310546875
-0,9765625
-0,9857177734375
-0,99334716796875
-1,00250244140625
-1,0101318359375
-1,01470947265625
-1,0223388671875
-1,0284423828125
-1,0345458984375
-1,0406494140625
-1,043701171875
-1,0467529296875
-1,0498046875
-1,0528564453125
-1,055908203125
-1,055908203125
-1,0589599609375
-1,0589599609375
-1,06201171875
-1,06201171875
-1,0650634765625
-1,06201171875
-1,0650634765625
-1,0589599609375
-1,0589599609375
-1,0589599609375
-1,055908203125
-1,055908203125
-1,0498046875
-1,043701171875
-1,03759765625
-1,03759765625
-1,0284423828125
-1,025390625
-1,019287109375
-1,01318359375
-1,00555419921875
-0,99945068359375
-0,9918212890625
-0,98419189453125
-0,97503662109375
-0,96588134765625
-0,95672607421875
-0,94757080078125
-0,93841552734375
-0,92926025390625
-0,9185791015625
-0,90789794921875
-0,89569091796875
-0,885009765625
-0,87432861328125
-0,8636474609375
-0,84991455078125
-0,83770751953125
-0,82550048828125
-0,81329345703125
-0,79803466796875
-0,7843017578125
-0,7720947265625
-0,75836181640625
-0,74310302734375
-0,7293701171875
-0,71563720703125
-0,70037841796875
-0,68511962890625
-0,67138671875
-0,65460205078125
-0,6378173828125
-0,62255859375
-0,6072998046875
-0,59051513671875
-0,57525634765625
-0,5584716796875
-0,54168701171875
-0,52642822265625
-0,51116943359375
-0,49285888671875
-0,47607421875
-0,458526611328125
-0,441741943359375
-0,424957275390625
-0,40740966796875
-0,390625
-0,373077392578125
-0,35552978515625
-0,337982177734375
-0,321197509765625
-0,304412841796875
-0,286865234375
-0,269317626953125
-0,252532958984375
-0,2349853515625
-0,21820068359375
-0,2010345458984375
-0,183868408203125
-0,1667022705078125
-0,1495361328125
-0,1323699951171875
-0,1155853271484375
-0,09899139404296875
-0,08220672607421875
-0,06561279296875
-0,0492095947265625
-0,032901763916015625
-0,016546249389648438
-0,0004291534423828125
0,015592575073242188
0,031375885009765625
0,04711151123046875
0,06275177001953125
0,07801055908203125
0,09326934814453125
0,10833740234375
0,1232147216796875
0,138092041015625
0,152587890625
0,167083740234375
0,1811981201171875
0,1953125
0,208282470703125
0,222015380859375
0,2349853515625
0,24871826171875
0,261688232421875
0,273895263671875
0,286102294921875
0,299072265625
0,30975341796875
0,321197509765625
0,3326416015625
0,344085693359375
0,354766845703125
0,3662109375
0,3753662109375
0,384521484375
0,3936767578125
0,40435791015625
0,41351318359375
0,42266845703125
0,43182373046875
0,439453125
0,4486083984375
0,45623779296875
0,4638671875
0,469970703125
0,47760009765625
0,48370361328125
0,4913330078125
0,4974365234375
0,50201416015625
0,50506591796875
0,51116943359375
0,5157470703125
0,52032470703125
0,52490234375
0,52947998046875
0,5340576171875
0,537109375
0,53863525390625
0,543212890625
0,54473876953125
0,54779052734375
0,54931640625
0,55084228515625
0,55084228515625
0,5523681640625
0,5523681640625
0,5523681640625
0,55389404296875
0,55389404296875
0,5523681640625
0,5523681640625
0,55084228515625
0,55084228515625
0,54931640625
0,54779052734375
0,5462646484375
0,543212890625
0,5401611328125
0,5401611328125
0,5340576171875
0,531005859375
0,531005859375
0,5218505859375
0,5157470703125
0,5157470703125
0,5096435546875
0,5035400390625
0,50048828125
0,4974365234375
0,48828125
0,4852294921875
0,4791259765625
0,469970703125
0,4669189453125
0,4608154296875
0,4547119140625
0,4486083984375
0,4425048828125
0,433349609375
0,42724609375
0,4180908203125
0,4119873046875
0,4058837890625
0,39825439453125
0,390625
0,3814697265625
0,37384033203125
0,36468505859375
0,3570556640625
0,347900390625
0,34027099609375
0,33111572265625
0,32196044921875
0,3143310546875
0,30517578125
0,2960205078125
0,28839111328125
0,27923583984375
0,27008056640625
0,262451171875
0,25177001953125
0,244140625
0,23345947265625
0,22430419921875
0,2166748046875
0,20751953125
0,19683837890625
0,189208984375
0,17852783203125
0,17242431640625
0,16326904296875
0,152587890625
0,14495849609375
0,13580322265625
0,12664794921875
0,11749267578125
0,10833740234375
0,1007080078125
0,091552734375
0,08087158203125
0,0732421875
0,0640869140625
0,0579833984375
0,04730224609375
0,04119873046875
0,032806396484375
0,025177001953125
0,01678466796875
0,009918212890625
0,002288818359375
-0,005340576171875
-0,01373291015625
-0,01983642578125
-0,028228759765625
-0,034332275390625
-0,04119873046875
-0,04730224609375
-0,054931640625
-0,0606536865234375
-0,067138671875
-0,0732421875
-0,0789642333984375
-0,084686279296875
-0,0904083251953125
-0,0957489013671875
-0,10089874267578125
-0,106048583984375
-0,11081695556640625
-0,11548995971679688
-0,12001991271972656
-0,12431144714355469
-0,12843608856201172
-0,1324176788330078
-0,13608932495117188
-0,13980865478515625
-0,1430511474609375
-0,146484375
-0,1495361328125
-0,1522064208984375
-0,154876708984375
-0,1575469970703125
-0,159454345703125
-0,1617431640625
-0,1628875732421875
-0,164794921875
-0,16632080078125
-0,167083740234375
-0,168609619140625
-0,16937255859375
-0,16937255859375
-0,170135498046875
-0,1708984375
-0,1708984375
-0,170135498046875
-0,170135498046875
-0,170135498046875
-0,16937255859375
-0,168609619140625
-0,1678466796875
-0,16632080078125
-0,164794921875
-0,164794921875
-0,16326904296875
-0,15869140625
-0,15716552734375
-0,15411376953125
-0,152587890625
-0,1495361328125
-0,146484375
-0,1434326171875
-0,140380859375
-0,13580322265625
-0,13275146484375
-0,128173828125
-0,1251220703125
-0,12054443359375
-0,11749267578125
-0,11444091796875
-0,10833740234375
-0,10528564453125
-0,1007080078125
-0,0946044921875
-0,09002685546875
-0,08544921875
-0,08087158203125
-0,07476806640625
-0,0701904296875
-0,0640869140625
-0,05950927734375
-0,05340576171875
-0,04730224609375
-0,04425048828125
-0,03662109375
-0,030517578125
-0,0244140625
-0,01983642578125
-0,01373291015625
-0,00762939453125
-0,00152587890625
0,00457763671875
0,01068115234375
0,01678466796875
0,0244140625
0,0274658203125
0,0335693359375
0,042724609375
0,048828125
0,054931640625
0,0640869140625
0,0701904296875
0,0732421875
0,0823974609375
0,0885009765625
0,091552734375
0,1007080078125
0,103759765625
0,1129150390625
0,115966796875
0,1251220703125
0,1312255859375
0,13427734375
0,140380859375
0,146484375
0,1495361328125
0,1556396484375
0,164794921875
0,1678466796875
0,1708984375
0,177001953125
0,18157958984375
0,1861572265625
0,19073486328125
0,19683837890625
0,201416015625
0,2044677734375
0,20904541015625
0,213623046875
0,21820068359375
0,22125244140625
0,22430419921875
0,2288818359375
0,23040771484375
0,23345947265625
0,23651123046875
0,2410888671875
0,244140625
0,2471923828125
0,24871826171875
0,25177001953125
0,2532958984375
0,25482177734375
0,25787353515625
0,2593994140625
0,2593994140625
0,26092529296875
0,262451171875
0,26092529296875
0,262451171875
0,26092529296875
0,262451171875
0,26092529296875
0,26092529296875
0,2593994140625
0,25787353515625
0,25787353515625
0,25634765625
0,25634765625
0,2532958984375
0,25177001953125
0,250244140625
0,2471923828125
0,244903564453125
0,241851806640625
0,238037109375
0,2349853515625
0,232696533203125
0,2288818359375
0,22430419921875
0,220489501953125
0,215911865234375
0,211334228515625
0,20599365234375
0,201416015625
0,196075439453125
0,19073486328125
0,185394287109375
0,1796722412109375
0,1735687255859375
0,167083740234375
0,1605987548828125
0,1537322998046875
0,147247314453125
0,14019012451171875
0,13294219970703125
0,12559890747070312
0,11796951293945312
0,1102447509765625
0,10224580764770508
0,09412765502929688
0,08573532104492188
0,07724761962890625
0,06866455078125
0,05970001220703125
0,0507354736328125
0,0415802001953125
0,0324249267578125
0,02288818359375
0,0133514404296875
0,0041961669921875
-0,006103515625
-0,016021728515625
-0,02593994140625
-0,035858154296875
-0,0457763671875
-0,05645751953125
-0,067138671875
-0,078582763671875
-0,0885009765625
-0,09918212890625
-0,110626220703125
-0,121307373046875
-0,131988525390625
-0,1434326171875
-0,15411376953125
-0,165557861328125
-0,177001953125
-0,18768310546875
-0,19989013671875
-0,20904541015625
-0,22125244140625
-0,23345947265625
-0,244140625
-0,25634765625
-0,26702880859375
-0,27923583984375
-0,2899169921875
-0,3021240234375
-0,31280517578125
-0,32501220703125
-0,335693359375
-0,34637451171875
-0,35858154296875
-0,3692626953125
-0,3814697265625
-0,390625
-0,40283203125
-0,4150390625
-0,4241943359375
-0,43487548828125
-0,445556640625
-0,45318603515625
-0,46539306640625
-0,47607421875
-0,4852294921875
-0,49591064453125
-0,50506591796875
-0,5157470703125
-0,52490234375
-0,5340576171875
-0,543212890625
-0,5523681640625
-0,5615234375
-0,56915283203125
-0,57830810546875
-0,58441162109375
-0,59356689453125
-0,6011962890625
-0,60882568359375
-0,616455078125
-0,62255859375
-0,6317138671875
-0,634765625
-0,6439208984375
-0,6500244140625
-0,6561279296875
-0,6622314453125
-0,6683349609375
-0,6744384765625
-0,6805419921875
-0,68359375
-0,689697265625
-0,6866455078125
-0,6927490234375
-0,69580078125
-0,69580078125
-0,701904296875
-0,7049560546875
-0,7080078125
-0,7110595703125
-0,7110595703125
-0,7110595703125
-0,714111328125
-0,714111328125
-0,7171630859375
-0,714111328125
-0,714111328125
-0,714111328125
-0,7110595703125
-0,70953369140625
-0,7080078125
-0,70648193359375
-0,7049560546875
-0,701904296875
-0,6988525390625
-0,69580078125
-0,6927490234375
-0,68817138671875
-0,68206787109375
-0,67596435546875
-0,67291259765625
-0,66680908203125
-0,66070556640625
-0,65460205078125
-0,64849853515625
-0,64239501953125
-0,63629150390625
-0,62713623046875
-0,6195068359375
-0,6103515625
-0,6011962890625
-0,592041015625
-0,58441162109375
-0,57373046875
-0,56610107421875
-0,55389404296875
-0,543212890625
-0,5340576171875
-0,5218505859375
-0,5096435546875
-0,49896240234375
-0,48675537109375
-0,47454833984375
-0,457763671875
-0,44708251953125
-0,433349609375
-0,41961669921875
-0,4058837890625
-0,391387939453125
-0,37689208984375
-0,36163330078125
-0,347137451171875
-0,33111572265625
-0,316619873046875
-0,299835205078125
-0,2838134765625
-0,267791748046875
-0,251007080078125
-0,234222412109375
-0,2166748046875
-0,19989013671875
-0,182342529296875
-0,1644134521484375
-0,146484375
-0,1285552978515625
-0,1102447509765625
-0,091552734375
-0,0732421875
-0,054168701171875
-0,0354766845703125
-0,01621246337890625
0,00286102294921875
0,02231597900390625
0,041961669921875
0,0614166259765625
0,08115768432617188
0,10094642639160156
0,12083053588867188
0,14095306396484375
0,160980224609375
0,1811981201171875
0,20122528076171875
0,2216339111328125
0,241851806640625
0,2620697021484375
0,2826690673828125
0,3025054931640625
0,323486328125
0,34332275390625
0,363922119140625
0,384521484375
0,40435791015625
0,424957275390625
0,444793701171875
0,46539306640625
0,484466552734375
0,504302978515625
0,524139404296875
0,54473876953125
0,5645751953125
0,58441162109375
0,60272216796875
0,62103271484375
0,640869140625
0,66070556640625
0,6805419921875
0,6988525390625
0,7171630859375
0,7354736328125
0,7537841796875
0,77056884765625
0,78887939453125
0,8056640625
0,823974609375
0,84075927734375
0,8575439453125
0,87432861328125
0,89111328125
0,9063720703125
0,92010498046875
0,93536376953125
0,9521484375
0,9674072265625
0,982666015625
0,994873046875
1,0101318359375
1,0223388671875
1,03607177734375
1,04827880859375
1,0589599609375
1,07269287109375
1,08489990234375
1,0955810546875
1,104736328125
1,116943359375
1,1260986328125
1,13677978515625
1,14593505859375
1,15509033203125
1,16119384765625
1,171875
1,177978515625
1,18408203125
1,19171142578125
1,19781494140625
1,20391845703125
1,2115478515625
1,214599609375
1,2176513671875
1,220703125
1,2237548828125
1,226806640625
1,2298583984375
1,23291015625
1,2298583984375
1,23291015625
1,23291015625
1,2298583984375
1,2298583984375
1,2298583984375
1,2298583984375
1,226806640625
1,2237548828125
1,2176513671875
1,214599609375
1,20849609375
1,20849609375
1,1993408203125
1,1962890625
1,190185546875
1,18408203125
1,17340087890625
1,16729736328125
1,15814208984375
1,14898681640625
1,13983154296875
1,12762451171875
1,11846923828125
1,10626220703125
1,0955810546875
1,0833740234375
1,06964111328125
1,0589599609375
1,043701171875
1,02996826171875
1,01470947265625
0,99945068359375
0,98419189453125
0,96893310546875
0,9521484375
0,933837890625
0,91705322265625
0,89874267578125
0,88043212890625
0,86212158203125
0,84228515625
0,823974609375
0,8026123046875
0,78125
0,7598876953125
0,738525390625
0,7171630859375
0,69427490234375
0,67138671875
0,6500244140625
0,6256103515625
0,60272216796875
0,57830810546875
0,55389404296875
0,52947998046875
0,50201416015625
0,47760009765625
0,45318603515625
0,42724609375
0,3997802734375
0,373077392578125
0,34637451171875
0,319671630859375
0,29144287109375
0,264739990234375
0,237274169921875
0,208282470703125
0,180816650390625
0,151824951171875
0,122833251953125
0,0946044921875
0,06561279296875
0,03662109375
0,006866455078125
-0,0232696533203125
-0,0530242919921875
-0,0823974609375
-0,1125335693359375
-0,1422882080078125
-0,1720428466796875
-0,202178955078125
-0,23212432861328125
-0,26226043701171875
-0,29239654541015625
-0,32253265380859375
-0,35262107849121094
-0,3827810287475586
-0,4128694534301758
-0,4428863525390625
-0,4729270935058594
-0,5029678344726562
-0,5329132080078125
-0,562286376953125
-0,592041015625
-0,621795654296875
-0,6511688232421875
-0,6805419921875
-0,70953369140625
-0,738525390625
-0,7671356201171875
-0,795745849609375
-0,823974609375
-0,85296630859375
-0,88043212890625
-0,908660888671875
-0,93536376953125
-0,96282958984375
-0,99029541015625
-1,0162353515625
-1,04217529296875
-1,068878173828125
-1,094818115234375
-1,1199951171875
-1,145172119140625
-1,1688232421875
-1,1932373046875
-1,2176513671875
-1,24053955078125
-1,26495361328125
-1,287841796875
-1,3092041015625
-1,33209228515625
-1,3519287109375
-1,373291015625
-1,3946533203125
-1,41448974609375
-1,434326171875
-1,45263671875
-1,46942138671875
-1,4892578125
-1,50604248046875
-1,5228271484375
-1,5411376953125
-1,5533447265625
-1,57012939453125
-1,5838623046875
-1,60064697265625
-1,61285400390625
-1,62506103515625
-1,63726806640625
-1,64947509765625
-1,66168212890625
-1,67083740234375
-1,6815185546875
-1,690673828125
-1,6998291015625
-1,7059326171875
-1,71356201171875
-1,71966552734375
-1,727294921875
-1,7303466796875
-1,73492431640625
-1,739501953125
-1,7425537109375
-1,74407958984375
-1,74713134765625
-1,7486572265625
-1,75018310546875
-1,7486572265625
-1,74560546875
-1,74560546875
-1,739501953125
-1,7364501953125
-1,7333984375
-1,7333984375
-1,727294921875
-1,7242431640625
-1,715087890625
-1,708984375
-1,69677734375
-1,690673828125
-1,678466796875
-1,6693115234375
-1,66015625
-1,6510009765625
-1,6387939453125
-1,62353515625
-1,611328125
-1,593017578125
-1,580810546875
-1,5655517578125
-1,55029296875
-1,5289306640625
-1,513671875
-1,49688720703125
-1,47552490234375
-1,45721435546875
-1,4373779296875
-1,416015625
-1,3946533203125
-1,37176513671875
-1,348876953125
-1,32598876953125
-1,30157470703125
-1,27716064453125
-1,25274658203125
-1,2237548828125
-1,1993408203125
-1,171875
-1,14593505859375
-1,11846923828125
-1,08795166015625
-1,0589599609375
-1,02996826171875
-1,0009765625
-0,970458984375
-0,93841552734375
-0,9063720703125
-0,87432861328125
-0,84381103515625
-0,80718994140625
-0,775146484375
-0,74310302734375
-0,70648193359375
-0,67291259765625
-0,6378173828125
-0,60272216796875
-0,567626953125
-0,531005859375
-0,494384765625
-0,45928955078125
-0,421142578125
-0,38299560546875
-0,3448486328125
-0,3082275390625
-0,2685546875
-0,23040771484375
-0,19378662109375
-0,15411376953125
-0,115203857421875
-0,077056884765625
-0,03662109375
0,00152587890625
0,041961669921875
0,08087158203125
0,12054443359375
0,159454345703125
0,19989013671875
0,23956298828125
0,278472900390625
0,31890869140625
0,3589630126953125
0,399017333984375
0,4383087158203125
0,478363037109375
0,518035888671875
0,5573272705078125
0,5970001220703125
0,63629150390625
0,6755828857421875
0,7147789001464844
0,7536888122558594
0,7924079895019531
0,8309841156005859
0,8693218231201172
0,9074211120605469
0,945281982421875
0,9828567504882812
1,0204315185546875
1,05743408203125
1,09405517578125
1,1302947998046875
1,1661529541015625
1,2020111083984375
1,23748779296875
1,2722015380859375
1,306915283203125
1,34124755859375
1,375579833984375
1,407623291015625
1,441192626953125
1,47247314453125
1,5045166015625
1,53656005859375
1,56707763671875
1,596832275390625
1,627349853515625
1,65557861328125
1,6845703125
1,712799072265625
1,74102783203125
1,76849365234375
1,79290771484375
1,81732177734375
1,84478759765625
1,86920166015625
1,89208984375
1,91497802734375
1,9378662109375
1,95770263671875
1,97906494140625
1,9989013671875
2,020263671875
2,03857421875
2,05535888671875
2,07366943359375
2,0904541015625
2,105712890625
2,117919921875
2,13470458984375
2,1453857421875
2,15911865234375
2,17132568359375
2,1820068359375
2,191162109375
2,2003173828125
2,20947265625
2,215576171875
2,2216796875
2,22930908203125
2,23236083984375
2,2369384765625
2,239990234375
2,24151611328125
2,2430419921875
2,24456787109375
2,24456787109375
2,24151611328125
2,239990234375
2,2369384765625
2,23236083984375
2,227783203125
2,2216796875
2,21405029296875
2,20947265625
2,197265625
2,191162109375
2,1820068359375
2,166748046875
2,154541015625
2,1453857421875
2,1331787109375
2,1148681640625
2,099609375
2,081298828125
2,069091796875
2,05078125
2,0294189453125
2,0111083984375
1,98974609375
1,9683837890625
1,947021484375
1,922607421875
1,898193359375
1,873779296875
1,8463134765625
1,8218994140625
1,79443359375
1,7669677734375
1,739501953125
1,71051025390625
1,678466796875
1,64947509765625
1,61590576171875
1,5838623046875
1,55181884765625
1,51824951171875
1,48162841796875
1,44805908203125
1,41143798828125
1,3763427734375
1,3397216796875
1,30157470703125
1,263427734375
1,2237548828125
1,18560791015625
1,14593505859375
1,104736328125
1,0650634765625
1,0223388671875
0,9796142578125
0,9368896484375
0,8941650390625
0,8514404296875
0,8087158203125
0,762939453125
0,71868896484375
0,67138671875
0,628662109375
0,58135986328125
0,53558349609375
0,48828125
0,4425048828125
0,396728515625
0,347900390625
0,299072265625
0,2532958984375
0,2044677734375
0,15716552734375
0,10833740234375
0,0579833984375
0,01068115234375
-0,03814697265625
-0,08697509765625
-0,13580322265625
-0,18463134765625
-0,23345947265625
-0,283050537109375
-0,3326416015625
-0,3814697265625
-0,431060791015625
-0,479888916015625
-0,528717041015625
-0,5767822265625
-0,6256103515625
-0,6744384765625
-0,722503662109375
-0,771331787109375
-0,81939697265625
-0,8670806884765625
-0,9151458740234375
-0,9616851806640625
-1,009368896484375
-1,055908203125
-1,1026382446289062
-1,14898681640625
-1,1949539184570312
-1,2402534484863281
-1,2853622436523438
-1,3300180435180664
-1,3742923736572266
-1,4181137084960938
-1,4616012573242188
-1,5043258666992188
-1,5468597412109375
-1,5886306762695312
-1,6300201416015625
-1,6712188720703125
-1,711273193359375
-1,750946044921875
-1,7902374267578125
-1,8280029296875
-1,86614990234375
-1,90277099609375
-1,93939208984375
-1,97601318359375
-2,010345458984375
-2,045440673828125
-2,079010009765625
-2,11181640625
-2,14385986328125
-2,1759033203125
-2,205657958984375
-2,23541259765625
-2,265167236328125
-2,29339599609375
-2,32086181640625
-2,34527587890625
-2,3712158203125
-2,39715576171875
-2,42156982421875
-2,44293212890625
-2,46734619140625
-2,4871826171875
-2,508544921875
-2,52838134765625
-2,545166015625
-2,5634765625
-2,58026123046875
-2,59552001953125
-2,6092529296875
-2,62298583984375
-2,63519287109375
-2,64739990234375
-2,6580810546875
-2,66571044921875
-2,6763916015625
-2,68402099609375
-2,69012451171875
-2,6947021484375
-2,69775390625
-2,7008056640625
-2,703857421875
-2,70538330078125
-2,70538330078125
-2,70538330078125
-2,70233154296875
-2,7008056640625
-2,6947021484375
-2,69012451171875
-2,685546875
-2,6763916015625
-2,66876220703125
-2,65960693359375
-2,64892578125
-2,63671875
-2,62298583984375
-2,61077880859375
-2,5970458984375
-2,58026123046875
-2,5634765625
-2,5482177734375
-2,5299072265625
-2,5054931640625
-2,4871826171875
-2,4627685546875
-2,44140625
-2,4200439453125
-2,392578125
-2,3681640625
-2,337646484375
-2,3101806640625
-2,28271484375
-2,252197265625
-2,2247314453125
-2,1942138671875
-2,1575927734375
-2,1240234375
-2,08740234375
-2,056884765625
-2,020263671875
-1,9805908203125
-1,9439697265625
-1,904296875
-1,86767578125
-1,824951171875
-1,7852783203125
-1,74407958984375
-1,70135498046875
-1,6571044921875
-1,61285400390625
-1,568603515625
-1,5228271484375
-1,47705078125
-1,42974853515625
-1,3824462890625
-1,33514404296875
-1,28631591796875
-1,23748779296875
-1,1871337890625
-1,13677978515625
-1,08489990234375
-1,0345458984375
-0,982666015625
-0,92926025390625
-0,8758544921875
-0,823974609375
-0,76904296875
-0,714111328125
-0,66070556640625
-0,60577392578125
-0,55084228515625
-0,494384765625
-0,439453125
-0,38299560546875
-0,32806396484375
-0,27008056640625
-0,213623046875
-0,1556396484375
-0,09918212890625
-0,042724609375
0,0152587890625
0,0732421875
0,12969970703125
0,18768310546875
0,2471923828125
0,30364990234375
0,3631591796875
0,4180908203125
0,47760009765625
0,534820556640625
0,592041015625
0,649261474609375
0,705718994140625
0,762939453125
0,820159912109375
0,876617431640625
0,933074951171875
0,98876953125
1,043701171875
1,10015869140625
1,15509033203125
1,21002197265625
1,26495361328125
1,318359375
1,37176513671875
1,4251708984375
1,477813720703125
1,529693603515625
1,581573486328125
1,6324996948242188
1,6832351684570312
1,7333984375
1,7826080322265625
1,8315315246582031
1,8796920776367188
1,9272565841674805
1,9741296768188477
2,0203590393066406
2,0658493041992188
2,1104812622070312
2,154541015625
2,1978378295898438
2,2403717041015625
2,2815704345703125
2,3223876953125
2,3624420166015625
2,4017333984375
2,4402618408203125
2,477264404296875
2,51312255859375
2,54974365234375
2,584075927734375
2,617645263671875
2,65045166015625
2,683258056640625
2,7130126953125
2,74200439453125
2,77252197265625
2,799224853515625
2,825164794921875
2,851104736328125
2,87628173828125
2,899932861328125
2,9205322265625
2,9449462890625
2,9632568359375
2,98309326171875
2,9998779296875
3,01666259765625
3,033447265625
3,04718017578125
3,0609130859375
3,07159423828125
3,08380126953125
3,0914306640625
3,1005859375
3,1097412109375
3,11431884765625
3,12042236328125
3,12347412109375
3,12652587890625
3,1280517578125
3,12652587890625
3,1280517578125
3,125
3,1219482421875
3,11431884765625
3,11126708984375
3,10211181640625
3,094482421875
3,08380126953125
3,0731201171875
3,06243896484375
3,04718017578125
3,03497314453125
3,01971435546875
3,00140380859375
2,98309326171875
2,9632568359375
2,94342041015625
2,92205810546875
2,899169921875
2,874755859375
2,84881591796875
2,82440185546875
2,79693603515625
2,7679443359375
2,7374267578125
2,7069091796875
2,679443359375
2,6397705078125
2,606201171875
2,5726318359375
2,5390625
2,50244140625
2,4627685546875
2,423095703125
2,3834228515625
2,337646484375
2,301025390625
2,2552490234375
2,20947265625
2,166748046875
2,1209716796875
2,0721435546875
2,0233154296875
1,9744873046875
1,9256591796875
1,8768310546875
1,824951171875
1,7730712890625
1,72119140625
1,66778564453125
1,6143798828125
1,56097412109375
1,50299072265625
1,44805908203125
1,3916015625
1,3336181640625
1,275634765625
1,2176513671875
1,15814208984375
1,0986328125
1,03759765625
0,97808837890625
0,91705322265625
0,8544921875
0,79193115234375
0,7293701171875
0,665283203125
0,604248046875
0,5401611328125
0,47760009765625
0,4119873046875
0,34942626953125
0,2838134765625
0,21820068359375
0,15411376953125
0,0885009765625
0,02288818359375
-0,04119873046875
-0,1068115234375
-0,17242431640625
-0,238037109375
-0,30364990234375
-0,3692626953125
-0,43487548828125
-0,50048828125
-0,5645751953125
-0,63018798828125
-0,69427490234375
-0,75836181640625
-0,823974609375
-0,88653564453125
-0,9521484375
-1,0162353515625
-1,079559326171875
-1,142120361328125
-1,2054443359375
-1,26800537109375
-1,329803466796875
-1,3916015625
-1,45263671875
-1,512908935546875
-1,572418212890625
-1,6326904296875
-1,691436767578125
-1,749420166015625
-1,807403564453125
-1,865386962890625
-1,921844482421875
-1,9779205322265625
-2,0328521728515625
-2,0870208740234375
-2,14080810546875
-2,1942138671875
-2,24609375
-2,2975921630859375
-2,3481369018554688
-2,397918701171875
-2,446746826171875
-2,4947166442871094
-2,541780471801758
-2,5878429412841797
-2,6330947875976562
-2,6773452758789062
-2,72064208984375
-2,7627944946289062
-2,8041839599609375
-2,8446197509765625
-2,8835296630859375
-2,9216766357421875
-2,9582977294921875
-2,9941558837890625
-3,0292510986328125
-3,0628204345703125
-3,095245361328125
-3,127288818359375
-3,15704345703125
-3,18603515625
-3,2135009765625
-3,240203857421875
-3,264617919921875
-3,290557861328125
-3,311920166015625
-3,333282470703125
-3,3538818359375
-3,37371826171875
-3,391265869140625
-3,40728759765625
-3,42254638671875
-3,436279296875
-3,45001220703125
-3,460693359375
-3,47137451171875
-3,47900390625
-3,48663330078125
-3,4912109375
-3,497314453125
-3,49884033203125
-3,50189208984375
-3,5003662109375
-3,5003662109375
-3,497314453125
-3,4942626953125
-3,4881591796875
-3,48358154296875
-3,4759521484375
-3,466796875
-3,45611572265625
-3,4454345703125
-3,4332275390625
-3,41644287109375
-3,4027099609375
-3,3843994140625
-3,3660888671875
-3,3447265625
-3,32489013671875
-3,302001953125
-3,277587890625
-3,253173828125
-3,22723388671875
-3,19976806640625
-3,16925048828125
-3,1402587890625
-3,10821533203125
-3,076171875
-3,04107666015625
-3,0059814453125
-2,97088623046875
-2,93121337890625
-2,89306640625
-2,8533935546875
-2,813720703125
-2,77099609375
-2,728271484375
-2,679443359375
-2,6336669921875
-2,587890625
-2,545166015625
-2,4932861328125
-2,4444580078125
-2,392578125
-2,3406982421875
-2,2857666015625
-2,2369384765625
-2,178955078125
-2,1270751953125
-2,0721435546875
-2,008056640625
-1,953125
-1,8951416015625
-1,8341064453125
-1,7730712890625
-1,715087890625
-1,654052734375
-1,5899658203125
-1,52587890625
-1,458740234375
-1,39617919921875
-1,32904052734375
-1,26495361328125
-1,19781494140625
-1,13067626953125
-1,06353759765625
-0,994873046875
-0,92620849609375
-0,8575439453125
-0,78887939453125
-0,71868896484375
-0,64849853515625
-0,57830810546875
-0,506591796875
-0,43792724609375
-0,3662109375
-0,29449462890625
-0,2227783203125
-0,15106201171875
-0,07781982421875
-0,006103515625
0,06561279296875
0,13885498046875
0,2105712890625
0,28228759765625
0,35552978515625
0,42572021484375
0,49896240234375
0,5706787109375
0,64239501953125
0,714111328125
0,7843017578125
0,85601806640625
0,92926025390625
0,99945068359375
1,068115234375
1,1383056640625
1,20849609375
1,27716064453125
1,34735107421875
1,41448974609375
1,48162841796875
1,54876708984375
1,617431640625
1,68304443359375
1,7486572265625
1,813507080078125
1,87835693359375
1,94244384765625
2,0050048828125
2,06756591796875
2,130126953125
2,190399169921875
2,25067138671875
2,3101806640625
2,3681640625
2,4261474609375
2,48260498046875
2,5390625
2,593231201171875
2,6477813720703125
2,7004241943359375
2,7523040771484375
2,80303955078125
2,8532028198242188
2,9022216796875
2,9499053955078125
2,9967308044433594
3,0422210693359375
3,086686134338379
3,1299948692321777
3,172159194946289
3,213024139404297
3,252887725830078
3,29132080078125
3,3285140991210938
3,3647537231445312
3,3992767333984375
3,4328460693359375
3,4648895263671875
3,49578857421875
3,525543212890625
3,55377197265625
3,5797119140625
3,60565185546875
3,63006591796875
3,6529541015625
3,67431640625
3,69415283203125
3,71246337890625
3,730010986328125
3,7445068359375
3,759765625
3,772735595703125
3,78265380859375
3,7933349609375
3,801727294921875
3,81011962890625
3,814697265625
3,8177490234375
3,82080078125
3,82232666015625
3,82080078125
3,81927490234375
3,81622314453125
3,8116455078125
3,80401611328125
3,7994384765625
3,7872314453125
3,77655029296875
3,765869140625
3,75213623046875
3,7353515625
3,71856689453125
3,70025634765625
3,680419921875
3,66058349609375
3,63922119140625
3,61175537109375
3,58734130859375
3,5614013671875
3,533935546875
3,50341796875
3,472900390625
3,44085693359375
3,40728759765625
3,3721923828125
3,3355712890625
3,29742431640625
3,25927734375
3,21807861328125
3,1768798828125
3,1341552734375
3,08990478515625
3,04412841796875
2,996826171875
2,94952392578125
2,9022216796875
2,850341796875
2,79998779296875
2,74658203125
2,6947021484375
2,63671875
2,5848388671875
2,52685546875
2,4688720703125
2,4078369140625
2,349853515625
2,288818359375
2,2308349609375
2,1636962890625
2,1026611328125
2,03857421875
1,971435546875
1,904296875
1,8402099609375
1,7730712890625
1,7059326171875
1,629638671875
1,5655517578125
1,4923095703125
1,4251708984375
1,348876953125
1,28173828125
1,2054443359375
1,1322021484375
1,0589599609375
0,98419189453125
0,909423828125
0,83465576171875
0,7598876953125
0,68359375
0,6072998046875
0,531005859375
0,4547119140625
0,37689208984375
0,299072265625
0,2227783203125
0,1434326171875
0,06561279296875
-0,01220703125
-0,09002685546875
-0,1678466796875
-0,244140625
-0,323486328125
-0,3997802734375
-0,47760009765625
-0,55694580078125
-0,6317138671875
-0,70953369140625
-0,787353515625
-0,86517333984375
-0,93994140625
-1,0162353515625
-1,092529296875
-1,1688232421875
-1,2420654296875
-1,318359375
-1,39312744140625
-1,4678955078125
-1,5380859375
-1,61285400390625
-1,6845703125
-1,75628662109375
-1,82647705078125
-1,89666748046875
-1,96685791015625
-2,0355224609375
-2,1026611328125
-2,17132568359375
-2,23846435546875
-2,3040771484375
-2,36968994140625
-2,433013916015625
-2,497100830078125
-2,55889892578125
-2,61993408203125
-2,680206298828125
-2,739715576171875
-2,797698974609375
-2,855682373046875
-2,912139892578125
-2,96630859375
-3,021240234375
-3,073883056640625
-3,1253814697265625
-3,1764984130859375
-3,2260894775390625
-3,2741546630859375
-3,3206939697265625
-3,3662796020507812
-3,4112930297851562
-3,4540176391601562
-3,4961700439453125
-3,536701202392578
-3,5758495330810547
-3,613710403442383
-3,6501407623291016
-3,6852359771728516
-3,718852996826172
-3,7511825561523438
-3,781890869140625
-3,8114547729492188
-3,839111328125
-3,865814208984375
-3,8906097412109375
-3,9142608642578125
-3,936004638671875
-3,9569854736328125
-3,9760589599609375
-3,993988037109375
-4,009246826171875
-4,02374267578125
-4,03594970703125
-4,047393798828125
-4,05731201171875
-4,06494140625
-4,071807861328125
-4,0771484375
-4,080963134765625
-4,08172607421875
-4,083251953125
-4,080963134765625
-4,077911376953125
-4,07257080078125
-4,0679931640625
-4,06036376953125
-4,0496826171875
-4,04052734375
-4,02679443359375
-4,0130615234375
-3,997802734375
-3,98101806640625
-3,96270751953125
-3,94287109375
-3,91998291015625
-3,89862060546875
-3,8726806640625
-3,84521484375
-3,81927490234375
-3,790283203125
-3,75823974609375
-3,72467041015625
-3,692626953125
-3,656005859375
-3,6224365234375
-3,58123779296875
-3,54461669921875
-3,5003662109375
-3,460693359375
-3,41644287109375
-3,3721923828125
-3,326416015625
-3,277587890625
-3,23028564453125
-3,17840576171875
-3,1280517578125
-3,07464599609375
-3,021240234375
-2,96630859375
-2,9083251953125
-2,85186767578125
-2,7923583984375
-2,73284912109375
-2,67333984375
-2,6092529296875
-2,5482177734375
-2,484130859375
-2,4200439453125
-2,349853515625
-2,2857666015625
-2,2186279296875
-2,1514892578125
-2,0751953125
-2,0050048828125
-1,934814453125
-1,86767578125
-1,7913818359375
-1,72119140625
-1,6448974609375
-1,568603515625
-1,495361328125
-1,416015625
-1,3427734375
-1,263427734375
-1,1871337890625
-1,104736328125
-1,0284423828125
-0,9490966796875
-0,8697509765625
-0,7904052734375
-0,7080078125
-0,6256103515625
-0,5462646484375
-0,4638671875
-0,38299560546875
-0,30059814453125
-0,2197265625
-0,1373291015625
-0,054931640625
0,0274658203125
0,10986328125
0,1922607421875
0,274658203125
0,3570556640625
0,439453125
0,52337646484375
0,60272216796875
0,68511962890625
0,76751708984375
0,848388671875
0,92926025390625
1,00860595703125
1,09100341796875
1,17034912109375
1,24969482421875
1,32904052734375
1,40533447265625
1,48468017578125
1,56402587890625
1,6387939453125
1,71661376953125
1,79290771484375
1,86767578125
1,94244384765625
2,0172119140625
2,08892822265625
2,16064453125
2,23388671875
2,30255126953125
2,37274169921875
2,44293212890625
2,508544921875
2,57720947265625
2,64434814453125
2,7069091796875
2,7740478515625
2,835845947265625
2,89764404296875
2,95867919921875
3,0181884765625
3,07769775390625
3,134918212890625
3,191375732421875
3,246307373046875
3,299713134765625
3,353118896484375
3,40423583984375
3,45458984375
3,504180908203125
3,551483154296875
3,5968780517578125
3,641510009765625
3,68499755859375
3,726959228515625
3,76739501953125
3,806304931640625
3,8438796997070312
3,8801193237304688
3,914642333984375
3,947925567626953
3,9795875549316406
4,009723663330078
4,038333892822266
4,065418243408203
4,09088134765625
4,114818572998047
4,137229919433594
4,15802001953125
4,176902770996094
4,1950225830078125
4,2102813720703125
4,2247772216796875
4,2377471923828125
4,248046875
4,257965087890625
4,265594482421875
4,271697998046875
4,276275634765625
4,279327392578125
4,28009033203125
4,28009033203125
4,27703857421875
4,27398681640625
4,26788330078125
4,26177978515625
4,251861572265625
4,242706298828125
4,229736328125
4,21600341796875
4,20074462890625
4,18243408203125
4,1656494140625
4,14581298828125
4,1229248046875
4,10003662109375
4,0740966796875
4,046630859375
4,0191650390625
3,99017333984375
3,9581298828125
3,924560546875
3,8909912109375
3,8543701171875
3,81927490234375
3,778076171875
3,7384033203125
3,6956787109375
3,6529541015625
3,607177734375
3,5614013671875
3,51409912109375
3,46527099609375
3,41339111328125
3,36456298828125
3,30963134765625
3,25469970703125
3,2012939453125
3,143310546875
3,08685302734375
3,02581787109375
2,96478271484375
2,9052734375
2,8411865234375
2,777099609375
2,71148681640625
2,6458740234375
2,5787353515625
2,51007080078125
2,44140625
2,3712158203125
2,29949951171875
2,227783203125
2,15606689453125
2,0843505859375
2,008056640625
1,9317626953125
1,8524169921875
1,7791748046875
1,69677734375
1,6204833984375
1,544189453125
1,4617919921875
1,3824462890625
1,300048828125
1,2176513671875
1,13525390625
1,0528564453125
0,9735107421875
0,89111328125
0,8056640625
0,72021484375
0,6378173828125
0,555419921875
0,469970703125
0,384521484375
0,2960205078125
0,213623046875
0,1251220703125
0,0396728515625
-0,04425048828125
-0,12969970703125
-0,21514892578125
-0,30059814453125
-0,38604736328125
-0,47149658203125
-0,55694580078125
-0,640869140625
-0,72784423828125
-0,811767578125
-0,89569091796875
-0,98114013671875
-1,06201171875
-1,1444091796875
-1,2298583984375
-1,31072998046875
-1,3946533203125
-1,47552490234375
-1,55487060546875
-1,63421630859375
-1,71661376953125
-1,79290771484375
-1,87225341796875
-1,94854736328125
-2,02789306640625
-2,10418701171875
-2,178955078125
-2,25372314453125
-2,32696533203125
-2,398681640625
-2,471923828125
-2,5421142578125
-2,6123046875
-2,68096923828125
-2,7496337890625
-2,81524658203125
-2,88238525390625
-2,94647216796875
-3,01055908203125
-3,07464599609375
-3,1341552734375
-3,1951904296875
-3,253173828125
-3,311920166015625
-3,368377685546875
-3,423309326171875
-3,476715087890625
-3,52935791015625
-3,580474853515625
-3,630828857421875
-3,67889404296875
-3,7261962890625
-3,77197265625
-3,815460205078125
-3,858184814453125
-3,899383544921875
-3,939056396484375
-3,9775848388671875
-4,0142059326171875
-4,0496826171875
-4,083251953125
-4,1149139404296875
-4,1454315185546875
-4,174041748046875
-4,201316833496094
-4,2270660400390625
-4,2510986328125
-4,273414611816406
-4,294013977050781
-4,313158988952637
-4,3305277824401855
-4,346179962158203
-4,360294342041016
-4,372692108154297
-4,383277893066406
-4,392242431640625
-4,3994903564453125
-4,40521240234375
-4,4086456298828125
-4,4109344482421875
-4,41131591796875
-4,4101715087890625
-4,407501220703125
-4,40216064453125
-4,395294189453125
-4,388427734375
-4,378509521484375
-4,3670654296875
-4,35333251953125
-4,339599609375
-4,322052001953125
-4,303741455078125
-4,283905029296875
-4,262542724609375
-4,239654541015625
-4,2144775390625
-4,187774658203125
-4,15802001953125
-4,1290283203125
-4,09698486328125
-4,06646728515625
-4,0313720703125
-3,99627685546875
-3,9581298828125
-3,91998291015625
-3,87725830078125
-3,83453369140625
-3,79180908203125
-3,74603271484375
-3,70025634765625
-3,6529541015625
-3,6041259765625
-3,55072021484375
-3,49884033203125
-3,4454345703125
-3,39202880859375
-3,3355712890625
-3,277587890625
-3,216552734375
-3,15704345703125
-3,0975341796875
-3,033447265625
-2,9693603515625
-2,90374755859375
-2,838134765625
-2,77099609375
-2,70233154296875
-2,6336669921875
-2,56195068359375
-2,49176025390625
-2,41851806640625
-2,3468017578125
-2,2705078125
-2,19573974609375
-2,1209716796875
-2,04315185546875
-1,96533203125
-1,88751220703125
-1,80816650390625
-1,727294921875
-1,64794921875
-1,5655517578125
-1,483154296875
-1,397705078125
-1,3153076171875
-1,2359619140625
-1,1505126953125
-1,0650634765625
-0,982666015625
-0,897216796875
-0,811767578125
-0,7232666015625
-0,640869140625
-0,5523681640625
-0,4669189453125
-0,3814697265625
-0,29296875
-0,2044677734375
-0,1190185546875
-0,0274658203125
0,0579833984375
0,1434326171875
0,23193359375
0,3173828125
0,4058837890625
0,494384765625
0,5828857421875
0,66986083984375
0,7568359375
0,84075927734375
0,927734375
1,01318359375
1,0986328125
1,18408203125
1,26800537109375
1,3519287109375
1,434326171875
1,5167236328125
1,60064697265625
1,6815185546875
1,7608642578125
1,84173583984375
1,92413330078125
2,00347900390625
2,0782470703125
2,15606689453125
2,23388671875
2,30865478515625
2,38189697265625
2,4566650390625
2,53143310546875
2,60162353515625
2,67333984375
