-0,00457763671875
-0,01068115234375
-0,0152587890625
-0,02288818359375
-0,0274658203125
-0,0335693359375
-0,03814697265625
-0,04425048828125
-0,05035400390625
-0,05645751953125
-0,05950927734375
-0,06561279296875
-0,0701904296875
-0,0762939453125
-0,079345703125
-0,08392333984375
-0,0885009765625
-0,09307861328125
-0,09765625
-0,10223388671875
-0,10528564453125
-0,10986328125
-0,1129150390625
-0,115966796875
-0,12054443359375
-0,12359619140625
-0,12664794921875
-0,128173828125
-0,12969970703125
-0,13275146484375
-0,135040283203125
-0,1373291015625
-0,13885498046875
-0,140380859375
-0,14190673828125
-0,1434326171875
-0,144195556640625
-0,145721435546875
-0,146484375
-0,147247314453125
-0,147247314453125
-0,14801025390625
-0,14801025390625
-0,14801025390625
-0,1476287841796875
-0,1468658447265625
-0,145721435546875
-0,14495849609375
-0,1438140869140625
-0,14247894287109375
-0,141143798828125
-0,13942718505859375
-0,13751983642578125
-0,1353740692138672
-0,13315677642822266
-0,13070106506347656
-0,12807846069335938
-0,12531280517578125
-0,12226104736328125
-0,1190185546875
-0,1155853271484375
-0,112152099609375
-0,10833740234375
-0,1041412353515625
-0,099945068359375
-0,0957489013671875
-0,091552734375
-0,08697509765625
-0,081634521484375
-0,077056884765625
-0,072479248046875
-0,067138671875
-0,06103515625
-0,05645751953125
-0,05035400390625
-0,04425048828125
-0,03814697265625
-0,03204345703125
-0,02593994140625
-0,01983642578125
-0,012969970703125
-0,006103515625
0,0
0,00762939453125
0,01373291015625
0,0213623046875
0,02899169921875
0,03662109375
0,042724609375
0,05035400390625
0,0579833984375
0,06561279296875
0,0732421875
0,08087158203125
0,0885009765625
0,09765625
0,10528564453125
0,11444091796875
0,12054443359375
0,12969970703125
0,13885498046875
0,146484375
0,15411376953125
0,16326904296875
0,1708984375
0,17852783203125
0,1861572265625
0,1953125
0,20294189453125
0,21209716796875
0,2197265625
0,2288818359375
0,23651123046875
0,24566650390625
0,2532958984375
0,26092529296875
0,2685546875
0,274658203125
0,2838134765625
0,29144287109375
0,299072265625
0,30670166015625
0,31585693359375
0,323486328125
0,32958984375
0,335693359375
0,3448486328125
0,3509521484375
0,3570556640625
0,3662109375
0,372314453125
0,37841796875
0,384521484375
0,3936767578125
0,396728515625
0,40283203125
0,408935546875
0,4150390625
0,421142578125
0,42724609375
0,4302978515625
0,4364013671875
0,439453125
0,445556640625
0,45166015625
0,4547119140625
0,4547119140625
0,457763671875
0,4608154296875
0,4669189453125
0,4669189453125
0,47454833984375
0,47607421875
0,4791259765625
0,4791259765625
0,482177734375
0,48370361328125
0,48370361328125
0,48675537109375
0,48675537109375
0,48828125
0,48675537109375
0,48828125
0,48675537109375
0,48828125
0,48675537109375
0,48675537109375
0,4852294921875
0,4852294921875
0,48065185546875
0,4791259765625
0,47760009765625
0,47454833984375
0,469970703125
0,4669189453125
0,4638671875
0,46234130859375
0,457763671875
0,45318603515625
0,4486083984375
0,44403076171875
0,439453125
0,433349609375
0,42877197265625
0,42266845703125
0,41351318359375
0,408935546875
0,40130615234375
0,39520263671875
0,3875732421875
0,37994384765625
0,372314453125
0,3631591796875
0,35552978515625
0,34637451171875
0,3387451171875
0,32958984375
0,319671630859375
0,310516357421875
0,301361083984375
0,289154052734375
0,279998779296875
0,269317626953125
0,25787353515625
0,2471923828125
0,235748291015625
0,22430419921875
0,21209716796875
0,200653076171875
0,1880645751953125
0,1758575439453125
0,16326904296875
0,1499176025390625
0,1369476318359375
0,1239776611328125
0,110626220703125
0,096893310546875
0,083160400390625
0,06923675537109375
0,05512237548828125
0,04096031188964844
0,026559829711914062
0,01201629638671875
-0,0026702880859375
-0,017547607421875
-0,0324249267578125
-0,04730224609375
-0,06256103515625
-0,0782012939453125
-0,0934600830078125
-0,109100341796875
-0,124359130859375
-0,1399993896484375
-0,1560211181640625
-0,1712799072265625
-0,186920166015625
-0,20294189453125
-0,218963623046875
-0,2349853515625
-0,251007080078125
-0,26702880859375
-0,283050537109375
-0,299072265625
-0,315093994140625
-0,33111572265625
-0,34637451171875
-0,362396240234375
-0,379180908203125
-0,394439697265625
-0,41046142578125
-0,42724609375
-0,4425048828125
-0,457763671875
-0,47454833984375
-0,48980712890625
-0,50506591796875
-0,52032470703125
-0,53558349609375
-0,54931640625
-0,5645751953125
-0,579833984375
-0,5950927734375
-0,6072998046875
-0,62255859375
-0,6378173828125
-0,65155029296875
-0,665283203125
-0,6805419921875
-0,69427490234375
-0,7049560546875
-0,7171630859375
-0,73089599609375
-0,74310302734375
-0,7568359375
-0,76751708984375
-0,77972412109375
-0,79193115234375
-0,80413818359375
-0,8148193359375
-0,82550048828125
-0,83465576171875
-0,8453369140625
-0,8544921875
-0,86517333984375
-0,8758544921875
-0,885009765625
-0,8941650390625
-0,9002685546875
-0,909423828125
-0,91705322265625
-0,9246826171875
-0,9307861328125
-0,9368896484375
-0,9429931640625
-0,9490966796875
-0,958251953125
-0,9613037109375
-0,9674072265625
-0,9735107421875
-0,9735107421875
-0,9765625
-0,9796142578125
-0,982666015625
-0,982666015625
-0,98876953125
-0,9918212890625
-0,9918212890625
-0,9918212890625
-0,9918212890625
-0,9918212890625
-0,9918212890625
-0,9918212890625
-0,98876953125
-0,98876953125
-0,9857177734375
-0,982666015625
-0,9796142578125
-0,9735107421875
-0,97198486328125
-0,9674072265625
-0,96282958984375
-0,958251953125
-0,9521484375
-0,94757080078125
-0,93994140625
-0,93231201171875
-0,9246826171875
-0,91705322265625
-0,909423828125
-0,90179443359375
-0,89263916015625
-0,8819580078125
-0,872802734375
-0,86212158203125
-0,84991455078125
-0,8392333984375
-0,8270263671875
-0,8148193359375
-0,8026123046875
-0,78887939453125
-0,77667236328125
-0,762939453125
-0,7476806640625
-0,732421875
-0,71868896484375
-0,70343017578125
-0,6866455078125
-0,67138671875
-0,65460205078125
-0,6378173828125
-0,62103271484375
-0,60272216796875
-0,5859375
-0,567626953125
-0,54779052734375
-0,5279541015625
-0,50811767578125
-0,48980712890625
-0,469970703125
-0,4486083984375
-0,42877197265625
-0,408172607421875
-0,386810302734375
-0,3662109375
-0,344085693359375
-0,32196044921875
-0,299835205078125
-0,27618408203125
-0,254058837890625
-0,231170654296875
-0,208282470703125
-0,18463134765625
-0,1617431640625
-0,1373291015625
-0,113677978515625
-0,0896453857421875
-0,0652313232421875
-0,040435791015625
-0,016021728515625
0,0087738037109375
0,0335693359375
0,0583648681640625
0,08373260498046875
0,10890960693359375
0,13427734375
0,15954971313476562
0,18491744995117188
0,21042823791503906
0,23598670959472656
0,26154518127441406
0,2872467041015625
0,3127098083496094
0,3383636474609375
0,363922119140625
0,3894805908203125
0,4150390625
0,4405975341796875
0,466156005859375
0,4913330078125
0,516510009765625
0,5420684814453125
0,566864013671875
0,592041015625
0,617218017578125
0,64239501953125
0,66680908203125
0,690460205078125
0,714874267578125
0,74005126953125
0,763702392578125
0,787353515625
0,81024169921875
0,833892822265625
0,8575439453125
0,88043212890625
0,90179443359375
0,9246826171875
0,94757080078125
0,970458984375
0,99029541015625
1,01318359375
1,03302001953125
1,0528564453125
1,07421875
1,09405517578125
1,1138916015625
1,1322021484375
1,15203857421875
1,1688232421875
1,18865966796875
1,2054443359375
1,2237548828125
1,239013671875
1,25732421875
1,27105712890625
1,287841796875
1,3031005859375
1,31683349609375
1,33209228515625
1,34429931640625
1,3580322265625
1,37176513671875
1,3824462890625
1,39617919921875
1,4068603515625
1,416015625
1,42669677734375
1,43585205078125
1,44500732421875
1,4556884765625
1,46026611328125
1,46942138671875
1,47705078125
1,483154296875
1,4892578125
1,4923095703125
1,49688720703125
1,50299072265625
1,50604248046875
1,507568359375
1,5106201171875
1,513671875
1,513671875
1,513671875
1,513671875
1,513671875
1,513671875
1,507568359375
1,5045166015625
1,50146484375
1,4984130859375
1,4923095703125
1,4892578125
1,4862060546875
1,47705078125
1,470947265625
1,4617919921875
1,45263671875
1,4434814453125
1,434326171875
1,4251708984375
1,4129638671875
1,40380859375
1,3885498046875
1,37939453125
1,3641357421875
1,3519287109375
1,336669921875
1,3214111328125
1,30767822265625
1,28936767578125
1,2725830078125
1,25579833984375
1,23748779296875
1,21917724609375
1,20086669921875
1,17950439453125
1,15966796875
1,13983154296875
1,1199951171875
1,09710693359375
1,07421875
1,0528564453125
1,0284423828125
1,0040283203125
0,98114013671875
0,9552001953125
0,92926025390625
0,90484619140625
0,87890625
0,84991455078125
0,823974609375
0,7965087890625
0,76904296875
0,74005126953125
0,7110595703125
0,68206787109375
0,653076171875
0,62408447265625
0,59356689453125
0,5615234375
0,52947998046875
0,49896240234375
0,4669189453125
0,43487548828125
0,40283203125
0,37078857421875
0,3387451171875
0,30517578125
0,2716064453125
0,238037109375
0,2044677734375
0,1708984375
0,136566162109375
0,10223388671875
0,067138671875
0,0335693359375
-0,00152587890625
-0,035858154296875
-0,07171630859375
-0,1068115234375
-0,14190673828125
-0,1773834228515625
-0,212860107421875
-0,2483367919921875
-0,2838134765625
-0,31890869140625
-0,3543853759765625
-0,3894805908203125
-0,42514801025390625
-0,46024322509765625
-0,49571990966796875
-0,5308151245117188
-0,5660057067871094
-0,6009817123413086
-0,6358623504638672
-0,670623779296875
-0,7052421569824219
-0,7396697998046875
-0,7738113403320312
-0,8081436157226562
-0,8419036865234375
-0,8758544921875
-0,9090423583984375
-0,942230224609375
-0,97503662109375
-1,007843017578125
-1,0402679443359375
-1,071929931640625
-1,10321044921875
-1,13525390625
-1,166534423828125
-1,197052001953125
-1,226806640625
-1,25732421875
-1,28631591796875
-1,316070556640625
-1,34429931640625
-1,372528076171875
-1,399993896484375
-1,42822265625
-1,45416259765625
-1,4801025390625
-1,507568359375
-1,531982421875
-1,55792236328125
-1,58233642578125
-1,605224609375
-1,62811279296875
-1,65252685546875
-1,67388916015625
-1,6937255859375
-1,715087890625
-1,7364501953125
-1,75628662109375
-1,776123046875
-1,79290771484375
-1,81121826171875
-1,8280029296875
-1,84326171875
-1,8585205078125
-1,87530517578125
-1,8890380859375
-1,9012451171875
-1,9134521484375
-1,92718505859375
-1,93939208984375
-1,94854736328125
-1,959228515625
-1,9683837890625
-1,9775390625
-1,983642578125
-1,99127197265625
-1,99737548828125
-2,0050048828125
-2,008056640625
-2,01263427734375
-2,01568603515625
-2,01568603515625
-2,01873779296875
-2,020263671875
-2,01873779296875
-2,0172119140625
-2,01568603515625
-2,01416015625
-2,0111083984375
-2,008056640625
-2,001953125
-1,995849609375
-1,98974609375
-1,983642578125
-1,971435546875
-1,9622802734375
-1,9561767578125
-1,9439697265625
-1,9317626953125
-1,9195556640625
-1,9073486328125
-1,8951416015625
-1,8798828125
-1,8646240234375
-1,849365234375
-1,8310546875
-1,8157958984375
-1,79443359375
-1,776123046875
-1,7578125
-1,7333984375
-1,7120361328125
-1,690673828125
-1,666259765625
-1,6448974609375
-1,62200927734375
-1,5960693359375
-1,57012939453125
-1,54266357421875
-1,5167236328125
-1,4892578125
-1,46026611328125
-1,42974853515625
-1,40228271484375
-1,37176513671875
-1,3397216796875
-1,30767822265625
-1,275634765625
-1,24359130859375
-1,21002197265625
-1,1749267578125
-1,141357421875
-1,104736328125
-1,06964111328125
-1,0345458984375
-0,9979248046875
-0,95977783203125
-0,921630859375
-0,88348388671875
-0,84686279296875
-0,8056640625
-0,7659912109375
-0,726318359375
-0,6866455078125
-0,64544677734375
-0,604248046875
-0,56304931640625
-0,52337646484375
-0,48065185546875
-0,43792724609375
-0,39520263671875
-0,35247802734375
-0,30975341796875
-0,2655029296875
-0,22125244140625
-0,177001953125
-0,13427734375
-0,0885009765625
-0,0457763671875
-0,00152587890625
0,043487548828125
0,0885009765625
0,13275146484375
0,177764892578125
0,2227783203125
0,26702880859375
0,31280517578125
0,3570556640625
0,40283203125
0,44708251953125
0,49285888671875
0,536346435546875
0,58135986328125
0,6256103515625
0,6702423095703125
0,7144927978515625
0,75836181640625
0,8026123046875
0,8459091186523438
0,8893966674804688
0,9325027465820312
0,975799560546875
1,0184288024902344
1,0607719421386719
1,102888584136963
1,1446714401245117
1,1860847473144531
1,2271881103515625
1,2678146362304688
1,3080596923828125
1,3479232788085938
1,3874053955078125
1,4263153076171875
1,46484375
1,50299072265625
1,5407562255859375
1,5773773193359375
1,6139984130859375
1,64947509765625
1,68609619140625
1,720428466796875
1,7547607421875
1,788330078125
1,8218994140625
1,853179931640625
1,885986328125
1,915740966796875
1,947784423828125
1,976776123046875
2,005767822265625
2,03399658203125
2,06146240234375
2,0904541015625
2,1148681640625
2,14080810546875
2,16522216796875
2,1881103515625
2,21099853515625
2,23388671875
2,25372314453125
2,27508544921875
2,294921875
2,31170654296875
2,33154296875
2,349853515625
2,3651123046875
2,37884521484375
2,39410400390625
2,4078369140625
2,4200439453125
2,4322509765625
2,44293212890625
2,45208740234375
2,46124267578125
2,4688720703125
2,4749755859375
2,4810791015625
2,4871826171875
2,49176025390625
2,4932861328125
2,496337890625
2,49786376953125
2,49786376953125
2,49786376953125
2,49481201171875
2,4932861328125
2,48870849609375
2,48260498046875
2,47802734375
2,47039794921875
2,46429443359375
2,45513916015625
2,4444580078125
2,43377685546875
2,42462158203125
2,410888671875
2,398681640625
2,38037109375
2,3681640625
2,349853515625
2,3345947265625
2,3162841796875
2,2979736328125
2,2735595703125
2,2552490234375
2,2308349609375
2,20947265625
2,18505859375
2,1636962890625
2,1331787109375
2,1087646484375
2,0782470703125
2,05078125
2,0233154296875
1,9927978515625
1,9622802734375
1,9317626953125
1,8951416015625
1,8646240234375
1,8280029296875
1,79443359375
1,75933837890625
1,72271728515625
1,68304443359375
1,64642333984375
1,6082763671875
1,568603515625
1,52740478515625
1,4862060546875
1,4434814453125
1,40228271484375
1,35955810546875
1,31683349609375
1,2725830078125
1,226806640625
1,18255615234375
1,13677978515625
1,09100341796875
1,043701171875
0,994873046875
0,94757080078125
0,89874267578125
0,8514404296875
0,80108642578125
0,75225830078125
0,70343017578125
0,65155029296875
0,6011962890625
0,54931640625
0,4974365234375
0,445556640625
0,3936767578125
0,34027099609375
0,28839111328125
0,2349853515625
0,18310546875
0,12969970703125
0,07781982421875
0,0244140625
-0,030517578125
-0,08392333984375
-0,13885498046875
-0,1922607421875
-0,24566650390625
-0,299072265625
-0,35247802734375
-0,406646728515625
-0,460052490234375
-0,51422119140625
-0,568389892578125
-0,62103271484375
-0,675201416015625
-0,727081298828125
-0,780487060546875
-0,833892822265625
-0,88653564453125
-0,93841552734375
-0,99029541015625
-1,0425567626953125
-1,0936737060546875
-1,1455535888671875
-1,1959075927734375
-1,2462615966796875
-1,2966156005859375
-1,3462066650390625
-1,395416259765625
-1,4440536499023438
-1,4923095703125
-1,5401840209960938
-1,5875816345214844
-1,634359359741211
-1,680600643157959
-1,7262458801269531
-1,7713546752929688
-1,8157958984375
-1,8596649169921875
-1,9029617309570312
-1,94549560546875
-1,9870758056640625
-2,0282745361328125
-2,069091796875
-2,1087646484375
-2,1480560302734375
-2,1854400634765625
-2,22320556640625
-2,260589599609375
-2,295684814453125
-2,33001708984375
-2,3651123046875
-2,397918701171875
-2,43072509765625
-2,4627685546875
-2,492523193359375
-2,52227783203125
-2,552032470703125
-2,579498291015625
-2,606201171875
-2,631378173828125
-2,6580810546875
-2,6824951171875
-2,703857421875
-2,72674560546875
-2,74658203125
-2,76641845703125
-2,7862548828125
-2,80303955078125
-2,82135009765625
-2,8350830078125
-2,850341796875
-2,86407470703125
-2,87628173828125
-2,88848876953125
-2,899169921875
-2,90679931640625
-2,91595458984375
-2,9205322265625
-2,9266357421875
-2,9327392578125
-2,93426513671875
-2,9388427734375
-2,9388427734375
-2,9388427734375
-2,9388427734375
-2,935791015625
-2,9327392578125
-2,92816162109375
-2,92205810546875
-2,91595458984375
-2,90679931640625
-2,899169921875
-2,886962890625
-2,87628173828125
-2,86407470703125
-2,850341796875
-2,8350830078125
-2,81829833984375
-2,801513671875
-2,78472900390625
-2,76336669921875
-2,7435302734375
-2,72369384765625
-2,69927978515625
-2,6763916015625
-2,6519775390625
-2,62451171875
-2,5970458984375
-2,569580078125
-2,5421142578125
-2,5115966796875
-2,4810791015625
-2,447509765625
-2,4139404296875
-2,38037109375
-2,34375
-2,30712890625
-2,2735595703125
-2,2369384765625
-2,1942138671875
-2,154541015625
-2,11181640625
-2,069091796875
-2,032470703125
-1,9866943359375
-1,9439697265625
-1,8951416015625
-1,849365234375
-1,8035888671875
-1,75628662109375
-1,70745849609375
-1,66015625
-1,6082763671875
-1,55792236328125
-1,50604248046875
-1,4556884765625
-1,40380859375
-1,348876953125
-1,2969970703125
-1,24053955078125
-1,18560791015625
-1,13067626953125
-1,07574462890625
-1,019287109375
-0,9613037109375
-0,9033203125
-0,84686279296875
-0,78887939453125
-0,7293701171875
-0,67138671875
-0,61187744140625
-0,55084228515625
-0,48980712890625
-0,42877197265625
-0,3692626953125
-0,3082275390625
-0,2471923828125
-0,1861572265625
-0,1251220703125
-0,06256103515625
-0,00152587890625
0,06103515625
0,1220703125
0,18463134765625
0,24566650390625
0,3082275390625
0,37078857421875
0,433349609375
0,49591064453125
0,555419921875
0,616455078125
0,67901611328125
0,74005126953125
0,80108642578125
0,862884521484375
0,92315673828125
0,982666015625
1,043701171875
1,10321044921875
1,1627197265625
1,221466064453125
1,280975341796875
1,338958740234375
1,396942138671875
1,45416259765625
1,511383056640625
1,567840576171875
1,62353515625
1,6788482666015625
1,7337799072265625
1,788330078125
1,84173583984375
1,8947601318359375
1,947021484375
1,9987106323242188
2,0496368408203125
2,0998001098632812
2,1492958068847656
2,1980762481689453
2,245974540710449
2,293086051940918
2,3394107818603516
2,3848533630371094
2,4295806884765625
2,4732589721679688
2,5159835815429688
2,5579452514648438
2,599334716796875
2,639007568359375
2,6782989501953125
2,716064453125
2,7530670166015625
2,7889251708984375
2,823638916015625
2,858734130859375
2,89154052734375
2,922821044921875
2,9541015625
2,98309326171875
3,0120849609375
3,03955078125
3,06549072265625
3,090667724609375
3,11431884765625
3,13720703125
3,159332275390625
3,179931640625
3,1982421875
3,21502685546875
3,23333740234375
3,2501220703125
3,2623291015625
3,27606201171875
3,2867431640625
3,2989501953125
3,30657958984375
3,31573486328125
3,3203125
3,32794189453125
3,33099365234375
3,33404541015625
3,3355712890625
3,3355712890625
3,33404541015625
3,33251953125
3,32794189453125
3,3233642578125
3,3172607421875
3,30963134765625
3,302001953125
3,29132080078125
3,27911376953125
3,26690673828125
3,25164794921875
3,2379150390625
3,2196044921875
3,20281982421875
3,1829833984375
3,16314697265625
3,14178466796875
3,11737060546875
3,094482421875
3,0670166015625
3,0426025390625
3,01513671875
2,98614501953125
2,95562744140625
2,923583984375
2,89154052734375
2,8564453125
2,8228759765625
2,789306640625
2,7496337890625
2,7099609375
2,6702880859375
2,630615234375
2,5909423828125
2,5482177734375
2,5054931640625
2,4566650390625
2,410888671875
2,3651123046875
2,3162841796875
2,2674560546875
2,2216796875
2,166748046875
2,117919921875
2,0660400390625
2,0111083984375
1,9561767578125
1,904296875
1,849365234375
1,7913818359375
1,7303466796875
1,67236328125
1,617431640625
1,556396484375
1,49688720703125
1,4373779296875
1,37481689453125
1,312255859375
1,24969482421875
1,18560791015625
1,123046875
1,0589599609375
0,994873046875
0,927734375
0,86212158203125
0,7965087890625
0,7293701171875
0,6622314453125
0,5950927734375
0,52947998046875
0,4608154296875
0,39215087890625
0,32501220703125
0,25634765625
0,18768310546875
0,1190185546875
0,05035400390625
-0,018310546875
-0,0885009765625
-0,15869140625
-0,225830078125
-0,2960205078125
-0,3662109375
-0,433349609375
-0,5035400390625
-0,57220458984375
-0,640869140625
-0,70953369140625
-0,77972412109375
-0,84686279296875
-0,91552734375
-0,98114013671875
-1,0498046875
-1,11846923828125
-1,18408203125
-1,251220703125
-1,31683349609375
-1,3824462890625
-1,447296142578125
-1,511383056640625
-1,575469970703125
-1,6387939453125
-1,702880859375
-1,764678955078125
-1,82647705078125
-1,886749267578125
-1,94854736328125
-2,007293701171875
-2,066802978515625
-2,12554931640625
-2,182769775390625
-2,2396087646484375
-2,2953033447265625
-2,350616455078125
-2,4051666259765625
-2,4585723876953125
-2,5112152099609375
-2,562713623046875
-2,6134490966796875
-2,663421630859375
-2,7118682861328125
-2,7597427368164062
-2,8064727783203125
-2,8522610664367676
-2,8969287872314453
-2,9404640197753906
-2,98309326171875
-3,0246734619140625
-3,064727783203125
-3,1038284301757812
-3,1421661376953125
-3,17840576171875
-3,214263916015625
-3,24859619140625
-3,2817840576171875
-3,3138275146484375
-3,3443450927734375
-3,37371826171875
-3,401947021484375
-3,42864990234375
-3,45458984375
-3,47900390625
-3,50189208984375
-3,52325439453125
-3,5430908203125
-3,562164306640625
-3,5797119140625
-3,595733642578125
-3,610992431640625
-3,62396240234375
-3,635406494140625
-3,6468505859375
-3,65753173828125
-3,66363525390625
-3,6712646484375
-3,67431640625
-3,67889404296875
-3,680419921875
-3,68194580078125
-3,680419921875
-3,67889404296875
-3,67431640625
-3,66973876953125
-3,66363525390625
-3,656005859375
-3,6468505859375
-3,63616943359375
-3,62396240234375
-3,6102294921875
-3,59344482421875
-3,57818603515625
-3,55987548828125
-3,54156494140625
-3,52020263671875
-3,49884033203125
-3,47442626953125
-3,4515380859375
-3,424072265625
-3,3966064453125
-3,36761474609375
-3,338623046875
-3,3050537109375
-3,27301025390625
-3,240966796875
-3,20281982421875
-3,167724609375
-3,12957763671875
-3,08990478515625
-3,0487060546875
-3,00750732421875
-2,96478271484375
-2,9205322265625
-2,87628173828125
-2,8289794921875
-2,783203125
-2,734375
-2,685546875
-2,6336669921875
-2,5787353515625
-2,5299072265625
-2,4749755859375
-2,4200439453125
-2,3651123046875
-2,3040771484375
-2,24609375
-2,1881103515625
-2,1270751953125
-2,069091796875
-2,008056640625
-1,947021484375
-1,8798828125
-1,8157958984375
-1,751708984375
-1,6845703125
-1,6204833984375
-1,5533447265625
-1,4862060546875
-1,4190673828125
-1,348876953125
-1,2786865234375
-1,21002197265625
-1,13983154296875
-1,06658935546875
-0,99639892578125
-0,9246826171875
-0,8514404296875
-0,7781982421875
-0,70648193359375
-0,63323974609375
-0,5584716796875
-0,4852294921875
-0,41046142578125
-0,335693359375
-0,2593994140625
-0,18463134765625
-0,10986328125
-0,0335693359375
0,04119873046875
0,115966796875
0,1922607421875
0,26702880859375
0,341796875
0,41656494140625
0,4913330078125
0,567626953125
0,64239501953125
0,7171630859375
0,79193115234375
0,86669921875
0,94146728515625
1,01470947265625
1,0894775390625
1,15966796875
1,23443603515625
1,30615234375
1,37786865234375
1,4495849609375
1,51824951171875
1,5899658203125
1,66015625
1,72882080078125
1,79901123046875
1,8646240234375
1,93328857421875
2,00042724609375
2,0660400390625
2,130889892578125
2,19573974609375
2,259063720703125
2,321624755859375
2,384185791015625
2,4444580078125
2,5054931640625
2,564239501953125
2,62298583984375
2,680206298828125
2,736663818359375
2,7919769287109375
2,846527099609375
2,8995513916015625
2,951812744140625
3,0029296875
3,0529022216796875
3,1017303466796875
3,1494140625
3,195953369140625
3,2411575317382812
3,2854080200195312
3,3283233642578125
3,369903564453125
3,4102022647857666
3,449249267578125
3,4870147705078125
3,5234451293945312
3,5587310791015625
3,5923004150390625
3,624725341796875
3,655242919921875
3,68499755859375
3,713226318359375
3,73992919921875
3,7654876708984375
3,7891387939453125
3,8116455078125
3,832244873046875
3,85284423828125
3,87115478515625
3,887176513671875
3,902435302734375
3,916168212890625
3,9276123046875
3,939056396484375
3,94744873046875
3,954315185546875
3,960418701171875
3,96575927734375
3,96881103515625
3,9703369140625
3,9703369140625
3,96728515625
3,9642333984375
3,961181640625
3,9520263671875
3,9459228515625
3,936767578125
3,92608642578125
3,912353515625
3,900146484375
3,8848876953125
3,86810302734375
3,8482666015625
3,82843017578125
3,80706787109375
3,78570556640625
3,759765625
3,73382568359375
3,70635986328125
3,67584228515625
3,6468505859375
3,61328125
3,58123779296875
3,5491943359375
3,51104736328125
3,47442626953125
3,4332275390625
3,3966064453125
3,35235595703125
3,3111572265625
3,265380859375
3,22113037109375
3,173828125
3,12652587890625
3,07769775390625
3,02581787109375
2,97393798828125
2,9205322265625
2,86712646484375
2,813720703125
2,7557373046875
2,69927978515625
2,6397705078125
2,5787353515625
2,520751953125
2,4566650390625
2,398681640625
2,33154296875
2,2674560546875
2,203369140625
2,13623046875
2,069091796875
2,001953125
1,9317626953125
1,861572265625
1,788330078125
1,72119140625
1,64794921875
1,57470703125
1,50146484375
1,42822265625
1,35498046875
1,2786865234375
1,1993408203125
1,123046875
1,0498046875
0,9735107421875
0,8941650390625
0,81634521484375
0,73699951171875
0,6591796875
0,579833984375
0,50048828125
0,42266845703125
0,341796875
0,262451171875
0,18157958984375
0,1007080078125
0,0213623046875
-0,0579833984375
-0,13885498046875
-0,22125244140625
-0,30059814453125
-0,3814697265625
-0,4608154296875
-0,54168701171875
-0,62255859375
-0,70037841796875
-0,78277587890625
-0,860595703125
-0,93994140625
-1,019287109375
-1,09710693359375
-1,1749267578125
-1,25274658203125
-1,33056640625
-1,4068603515625
-1,483154296875
-1,55792236328125
-1,63421630859375
-1,708984375
-1,7822265625
-1,85546875
-1,9287109375
-2,001953125
-2,0721435546875
-2,142333984375
-2,2125244140625
-2,28271484375
-2,34832763671875
-2,41546630859375
-2,48260498046875
-2,547454833984375
-2,6123046875
-2,675628662109375
-2,738189697265625
-2,799224853515625
-2,8594970703125
-2,91900634765625
-2,97698974609375
-3,03497314453125
-3,0914306640625
-3,145599365234375
-3,199005126953125
-3,25164794921875
-3,302001953125
-3,3527374267578125
-3,40118408203125
-3,448486328125
-3,495025634765625
-3,5396575927734375
-3,5831451416015625
-3,624725341796875
-3,665924072265625
-3,7054061889648438
-3,7431716918945312
-3,7795066833496094
-3,8146018981933594
-3,848147392272949
-3,8802385330200195
-3,91082763671875
-3,9400100708007812
-3,9676666259765625
-3,9937973022460938
-4,0180206298828125
-4,041099548339844
-4,062652587890625
-4,0828704833984375
-4,100799560546875
-4,117584228515625
-4,132843017578125
-4,146575927734375
-4,15802001953125
-4,169464111328125
-4,177093505859375
-4,184722900390625
-4,1900634765625
-4,193878173828125
-4,1961669921875
-4,196929931640625
-4,1961669921875
-4,193878173828125
-4,1900634765625
-4,1839599609375
-4,175567626953125
-4,16717529296875
-4,156494140625
-4,14581298828125
-4,13055419921875
-4,11376953125
-4,0985107421875
-4,07867431640625
-4,058837890625
-4,03594970703125
-4,01458740234375
-3,98712158203125
-3,96270751953125
-3,9337158203125
-3,9031982421875
-3,8726806640625
-3,839111328125
-3,8055419921875
-3,7689208984375
-3,7322998046875
-3,69415283203125
-3,65447998046875
-3,61175537109375
-3,570556640625
-3,52325439453125
-3,47900390625
-3,43170166015625
-3,38287353515625
-3,33251953125
-3,28216552734375
-3,23028564453125
-3,17535400390625
-3,12042236328125
-3,06549072265625
-3,00750732421875
-2,947998046875
-2,88848876953125
-2,82745361328125
-2,76641845703125
-2,70233154296875
-2,63824462890625
-2,5726318359375
-2,50701904296875
-2,43988037109375
-2,3712158203125
-2,30255126953125
-2,2308349609375
-2,16064453125
-2,0904541015625
-2,0172119140625
-1,9439697265625
-1,86767578125
-1,7913818359375
-1,7181396484375
-1,6387939453125
-1,5625
-1,483154296875
-1,4068603515625
-1,3275146484375
-1,2481689453125
-1,1688232421875
-1,08642578125
-1,007080078125
-0,921630859375
-0,8392333984375
-0,7568359375
-0,6744384765625
-0,592041015625
-0,506591796875
-0,4241943359375
-0,341796875
-0,25787353515625
-0,1739501953125
-0,09002685546875
-0,00457763671875
0,07781982421875
0,1617431640625
0,2471923828125
0,33111572265625
0,4150390625
0,49896240234375
0,5828857421875
0,66680908203125
0,74920654296875
0,8331298828125
0,91552734375
0,9979248046875
1,080322265625
1,1627197265625
1,2451171875
1,324462890625
1,40533447265625
1,4862060546875
1,5655517578125
1,64337158203125
1,72119140625
1,79901123046875
1,8768310546875
1,953125
2,02789306640625
2,1026611328125
2,17742919921875
2,2491455078125
2,32391357421875
2,39410400390625
2,46429443359375
2,53448486328125
2,6031494140625
2,67181396484375
2,7374267578125
2,8045654296875
2,86865234375
2,9327392578125
2,9937744140625
3,05633544921875
3,1158447265625
3,17535400390625
3,23333740234375
3,290557861328125
3,345489501953125
3,398895263671875
3,452301025390625
3,50341796875
3,55377197265625
3,60260009765625
3,64990234375
3,6956787109375
3,73992919921875
3,783416748046875
3,82537841796875
3,8654327392578125
3,9043426513671875
3,94134521484375
3,977203369140625
4,01153564453125
4,044342041015625
4,0752410888671875
4,104804992675781
4,132938385009766
4,159450531005859
4,184198379516602
4,207408428192139
4,228997230529785
4,248905181884766
4,267311096191406
4,283905029296875
4,298973083496094
4,312324523925781
4,3239593505859375
4,334259033203125
4,3422698974609375
4,3491363525390625
4,354095458984375
4,3575286865234375
4,35943603515625
4,358673095703125
4,357147216796875
4,35333251953125
4,3487548828125
4,341888427734375
4,332733154296875
4,323577880859375
4,311370849609375
4,297637939453125
4,28314208984375
4,265594482421875
4,247283935546875
4,227447509765625
4,205322265625
4,18243408203125
4,156494140625
4,13055419921875
4,1015625
4,07257080078125
4,04052734375
4,00848388671875
3,973388671875
3,936767578125
3,900146484375
3,85894775390625
3,81927490234375
3,77655029296875
3,73382568359375
3,6865234375
3,64227294921875
3,59344482421875
3,54461669921875
3,49273681640625
3,44085693359375
3,387451171875
3,33251953125
3,277587890625
3,2196044921875
3,16009521484375
3,09906005859375
3,03955078125
2,97698974609375
2,91290283203125
2,850341796875
2,783203125
2,716064453125
2,64739990234375
2,5787353515625
2,51007080078125
2,4383544921875
2,36663818359375
2,29339599609375
2,2186279296875
2,14385986328125
2,06756591796875
1,99432373046875
1,91497802734375
1,837158203125
1,7578125
1,678466796875
1,59912109375
1,519775390625
1,4373779296875
1,35498046875
1,2725830078125
1,190185546875
1,104736328125
1,0223388671875
0,9368896484375
0,8544921875
0,76904296875
0,68359375
0,59814453125
0,5096435546875
0,4241943359375
0,3387451171875
0,250244140625
0,1678466796875
0,0823974609375
-0,006103515625
-0,0946044921875
-0,1800537109375
-0,2685546875
-0,35400390625
-0,44097900390625
-0,52642822265625
-0,61187744140625
-0,6988525390625
-0,78582763671875
-0,87127685546875
-0,9552001953125
-1,0406494140625
-1,1260986328125
-1,21002197265625
-1,29241943359375
-1,3763427734375
-1,458740234375
-1,5411376953125
-1,62200927734375
-1,70135498046875
-1,7822265625
-1,86309814453125
-1,94244384765625
-2,01873779296875
-2,0965576171875
-2,17437744140625
-2,24761962890625
-2,3223876953125
-2,398681640625
-2,47039794921875
-2,54364013671875
-2,61383056640625
-2,68402099609375
-2,75421142578125
-2,82135009765625
-2,886962890625
-2,9541015625
-3,0181884765625
-3,082275390625
-3,14483642578125
-3,20587158203125
-3,26690673828125
-3,32489013671875
-3,38287353515625
-3,4393310546875
-3,4942626953125
-3,546905517578125
-3,59954833984375
-3,64990234375
-3,699493408203125
-3,74755859375
-3,79486083984375
-3,839111328125
-3,88336181640625
-3,925323486328125
-3,96575927734375
-4,00543212890625
-4,041290283203125
-4,0771484375
-4,11224365234375
-4,145050048828125
-4,17633056640625
-4,206085205078125
-4,2339324951171875
-4,26025390625
-4,2850494384765625
-4,3079376220703125
-4,3292999267578125
-4,348945617675781
-4,3670654296875
-4,383373260498047
-4,398059844970703
-4,410982131958008
-4,422229528427124
-4,431772232055664
-4,439640045166016
-4,445648193359375
-4,450035095214844
-4,452705383300781
-4,4536590576171875
-4,453277587890625
-4,450225830078125
-4,4464111328125
-4,4403076171875
-4,4322967529296875
-4,4231414794921875
-4,412078857421875
-4,39910888671875
-4,3853759765625
-4,36859130859375
-4,351043701171875
-4,331207275390625
-4,309844970703125
-4,2877197265625
-4,262542724609375
-4,23583984375
-4,2083740234375
-4,1778564453125
-4,1473388671875
-4,114532470703125
-4,0802001953125
-4,04510498046875
-4,0069580078125
-3,96881103515625
-3,92608642578125
-3,88641357421875
-3,8421630859375
-3,79638671875
-3,74908447265625
-3,70330810546875
-3,6529541015625
-3,60260009765625
-3,5491943359375
-3,49578857421875
-3,4393310546875
-3,3843994140625
-3,326416015625
-3,2684326171875
-3,2073974609375
-3,1463623046875
-3,082275390625
-3,0181884765625
-2,9541015625
-2,88543701171875
-2,81982421875
-2,7496337890625
-2,6824951171875
-2,6123046875
-2,5390625
-2,46734619140625
-2,39410400390625
-2,31781005859375
-2,2430419921875
-2,166748046875
-2,08892822265625
-2,0111083984375
-1,93328857421875
-1,85394287109375
-1,7730712890625
-1,69219970703125
-1,611328125
-1,5289306640625
-1,446533203125
-1,36260986328125
-1,2786865234375
-1,1932373046875
-1,1077880859375
-1,0223388671875
-0,93994140625
-0,8514404296875
-0,7659912109375
-0,6805419921875
-0,592041015625
-0,506591796875
-0,4150390625
-0,3265380859375
-0,238037109375
-0,152587890625
-0,0640869140625
0,0213623046875
0,10986328125
0,1983642578125
0,286865234375
0,3753662109375
0,457763671875
0,5462646484375
0,634765625
0,72021484375
0,8087158203125
0,897216796875
0,98114013671875
1,06658935546875
1,15203857421875
1,23748779296875
1,3214111328125
1,40533447265625
1,48773193359375
1,5716552734375
1,654052734375
1,73492431640625
1,8157958984375
1,8951416015625
1,97601318359375
2,05535888671875
2,13165283203125
2,20794677734375
2,2857666015625
2,3590087890625
2,435302734375
2,508544921875
2,58026123046875
2,65350341796875
2,72369384765625
2,7923583984375
2,86102294921875
2,92816162109375
2,9937744140625
3,05938720703125
3,1219482421875
3,18450927734375
3,24554443359375
3,30657958984375
3,3660888671875
3,42254638671875
3,48052978515625
3,533935546875
3,58734130859375
3,63922119140625
3,69110107421875
3,73992919921875
3,7872314453125
3,8330078125
3,8787841796875
3,9215087890625
3,963470458984375
4,003143310546875
4,04205322265625
4,0802001953125
4,11529541015625
4,148101806640625
4,180908203125
4,21142578125
4,241180419921875
4,268646240234375
4,294586181640625
4,319000244140625
4,34112548828125
4,3621063232421875
4,381561279296875
4,3987274169921875
4,41436767578125
4,4284820556640625
4,4406890869140625
4,4513702392578125
4,460334777832031
4,4673919677734375
4,472923278808594
4,476642608642578
4,478597640991211
4,4788360595703125
4,477357864379883
4,474115371704102
4,46929931640625
4,462432861328125
4,45404052734375
4,443931579589844
4,431915283203125
4,4185638427734375
4,4033050537109375
4,3865203857421875
4,367828369140625
4,34722900390625
4,3254852294921875
4,30145263671875
4,27703857421875
4,248046875
4,219818115234375
4,1900634765625
4,15802001953125
4,125213623046875
4,090118408203125
4,053497314453125
4,01458740234375
3,974151611328125
3,932952880859375
3,890228271484375
3,845977783203125
3,80096435546875
3,75213623046875
3,704833984375
3,65447998046875
3,6041259765625
3,5491943359375
3,49578857421875
3,4393310546875
3,38134765625
3,3233642578125
3,26385498046875
3,20281982421875
3,14178466796875
3,076171875
3,01361083984375
2,947998046875
2,87933349609375
2,813720703125
2,7435302734375
2,67333984375
2,6031494140625
2,5299072265625
2,4566650390625
2,3834228515625
2,30712890625
2,23236083984375
2,15606689453125
2,0782470703125
2,00042724609375
1,922607421875
1,84173583984375
1,75933837890625
1,67999267578125
1,59759521484375
1,5167236328125
1,43280029296875
1,34735107421875
1,26495361328125
1,17950439453125
1,0955810546875
1,0101318359375
0,9246826171875
0,836181640625
0,750732421875
0,665283203125
0,579833984375
0,4913330078125
0,4058837890625
0,3173828125
0,225830078125
0,140380859375
0,0518798828125
-0,03662109375
-0,1251220703125
-0,2105712890625
-0,2960205078125
-0,384521484375
-0,4730224609375
-0,5615234375
-0,6439208984375
-0,732421875
-0,8209228515625
-0,9063720703125
-0,98876953125
-1,0772705078125
-1,15966796875
-1,2451171875
-1,33056640625
-1,4129638671875
-1,49688720703125
-1,5777587890625
-1,66015625
-1,7425537109375
-1,82037353515625
-1,89971923828125
-1,97906494140625
-2,05841064453125
-2,13470458984375
-2,20947265625
-2,2857666015625
-2,36053466796875
-2,43377685546875
-2,50701904296875
-2,5787353515625
-2,65045166015625
-2,72064208984375
-2,78778076171875
-2,85491943359375
-2,9205322265625
-2,98614501953125
-3,0517578125
-3,11279296875
-3,17535400390625
-3,23638916015625
-3,2958984375
-3,350830078125
-3,41033935546875
-3,46527099609375
-3,5186767578125
-3,57208251953125
-3,6224365234375
-3,67279052734375
-3,7200927734375
-3,76739501953125
-3,8116455078125
-3,857421875
-3,89862060546875
-3,93829345703125
-3,9794921875
-4,01611328125
-4,052734375
-4,08782958984375
-4,12139892578125
-4,15191650390625
-4,18243408203125
-4,210662841796875
-4,23736572265625
-4,262542724609375
-4,28619384765625
-4,3060302734375
-4,326629638671875
-4,345703125
-4,36248779296875
-4,376983642578125
-4,389190673828125
-4,401397705078125
-4,41131591796875
-4,419708251953125
-4,4254302978515625
-4,430389404296875
-4,433441162109375
-4,4345855712890625
-4,4342041015625
-4,432106018066406
-4,427909851074219
-4,4223785400390625
-4,415130615234375
-4,406166076660156
-4,395437240600586
-4,3830037117004395
-4,368901252746582
-4,353046417236328
-4,335594177246094
-4,3163299560546875
-4,2957305908203125
-4,273223876953125
-4,2491912841796875
-4,2236328125
-4,1957855224609375
-4,1667938232421875
-4,1362762451171875
-4,103851318359375
-4,070281982421875
-4,035186767578125
-3,997802734375
-3,95965576171875
-3,91998291015625
-3,878021240234375
-3,835296630859375
-3,790283203125
-3,7445068359375
-3,697967529296875
-3,649139404296875
-3,598785400390625
-3,54766845703125
-3,495025634765625
-3,44085693359375
-3,3843994140625
-3,32794189453125
-3,26995849609375
-3,21044921875
-3,15093994140625
-3,08837890625
-3,02581787109375
-2,960205078125
-2,89459228515625
-2,8289794921875
-2,7618408203125
-2,69317626953125
-2,62451171875
-2,55279541015625
-2,48260498046875
-2,40936279296875
-2,33612060546875
-2,26287841796875
-2,1881103515625
-2,11181640625
-2,03399658203125
-1,95770263671875
-1,87835693359375
-1,79901123046875
-1,72119140625
-1,64031982421875
-1,55792236328125
-1,47857666015625
-1,39617919921875
-1,31378173828125
-1,23138427734375
-1,1474609375
-1,06353759765625
-0,9796142578125
-0,8941650390625
-0,81024169921875
-0,72479248046875
-0,640869140625
-0,55389404296875
-0,46844482421875
-0,38299560546875
-0,29754638671875
-0,21209716796875
-0,1251220703125
-0,0396728515625
0,0457763671875
0,1312255859375
0,2197265625
0,30517578125
0,390625
0,47607421875
0,5615234375
0,6500244140625
0,732421875
0,8209228515625
0,9033203125
0,98876953125
1,068115234375
1,153564453125
1,2359619140625
1,318359375
1,397705078125
1,4801025390625
1,5594482421875
1,641845703125
1,7181396484375
1,7974853515625
1,873779296875
1,953125
2,02789306640625
2,1026611328125
2,1759033203125
2,25067138671875
2,325439453125
2,39715576171875
2,4658203125
2,53753662109375
2,60467529296875
2,67181396484375
2,740478515625
2,8045654296875
2,87017822265625
2,93426513671875
2,9937744140625
3,05633544921875
3,1158447265625
3,17535400390625
3,23333740234375
3,28826904296875
3,34320068359375
3,3966064453125
3,448486328125
3,49884033203125
3,5491943359375
3,59649658203125
3,643798828125
3,68804931640625
3,73382568359375
3,7750244140625
3,81622314453125
3,8543701171875
3,89251708984375
3,92913818359375
3,9642333984375
3,99627685546875
4,0283203125
4,058837890625
4,0863037109375
4,11376953125
4,13818359375
4,16259765625
4,18548583984375
4,204559326171875
4,224395751953125
4,241180419921875
4,256439208984375
4,27093505859375
4,282379150390625
4,293060302734375
4,302215576171875
4,309844970703125
4,315948486328125
4,319000244140625
4,3212890625
4,322052001953125
4,320526123046875
4,317474365234375
4,312896728515625
4,306793212890625
4,2987823486328125
4,2896270751953125
4,278564453125
4,265594482421875
4,2510986328125
4,234886169433594
4,217338562011719
4,197978973388672
4,176998138427734
4,154443740844727
4,130297899246216
4,10456657409668
4,077243804931641
4,048347473144531
4,017829895019531
3,9859771728515625
3,9524078369140625
3,9173126220703125
3,881072998046875
3,842926025390625
3,8036346435546875
3,7624359130859375
3,7197113037109375
3,676605224609375
3,630828857421875
3,585052490234375
3,536224365234375
3,487396240234375
3,437042236328125
3,3843994140625
3,331756591796875
3,276824951171875
3,22113037109375
3,163909912109375
3,105926513671875
3,04718017578125
2,986907958984375
2,923583984375
2,862548828125
2,79998779296875
2,73284912109375
2,667236328125
2,60162353515625
2,532958984375
2,46429443359375
2,39410400390625
2,32391357421875
2,25372314453125
2,18048095703125
2,105712890625
2,03399658203125
1,959228515625
1,8829345703125
1,806640625
1,7303466796875
1,65252685546875
1,57623291015625
1,49688720703125
1,41754150390625
1,33819580078125
1,25885009765625
1,17950439453125
1,0986328125
1,01470947265625
0,933837890625
0,8514404296875
0,77056884765625
0,68817138671875
0,60577392578125
0,52337646484375
0,439453125
0,35552978515625
0,27313232421875
0,19073486328125
0,1068115234375
0,02288818359375
-0,06103515625
-0,1434326171875
-0,225830078125
-0,30975341796875
-0,39215087890625
-0,47607421875
-0,5615234375
-0,640869140625
-0,726318359375
-0,8026123046875
-0,885009765625
-0,96435546875
-1,043701171875
-1,1260986328125
-1,2054443359375
-1,2847900390625
-1,361083984375
-1,4434814453125
-1,5167236328125
-1,5960693359375
-1,67236328125
-1,74560546875
-1,81884765625
-1,8951416015625
-1,96533203125
-2,0416259765625
-2,11181640625
-2,1820068359375
-2,2491455078125
-2,3193359375
-2,38800048828125
-2,45513916015625
-2,520751953125
-2,5848388671875
-2,64892578125
-2,7130126953125
-2,77252197265625
-2,83355712890625
-2,89154052734375
-2,9510498046875
-3,009033203125
-3,06396484375
-3,118896484375
-3,1707763671875
-3,22418212890625
-3,2745361328125
-3,32489013671875
-3,37371826171875
-3,41949462890625
-3,466796875
-3,509521484375
-3,55224609375
-3,59344482421875
-3,6346435546875
-3,67279052734375
-3,7109375
-3,74603271484375
-3,77960205078125
-3,8116455078125
-3,84368896484375
-3,8726806640625
-3,90167236328125
-3,92913818359375
-3,9520263671875
-3,9764404296875
-3,997802734375
-4,0191650390625
-4,0374755859375
-4,0557861328125
-4,071044921875
-4,0863037109375
-4,0985107421875
-4,10919189453125
-4,11834716796875
-4,126739501953125
-4,132843017578125
-4,137420654296875
-4,13970947265625
-4,140472412109375
-4,1412353515625
-4,138946533203125
-4,135894775390625
-4,13055419921875
-4,12445068359375
-4,11529541015625
-4,105377197265625
-4,094696044921875
-4,08172607421875
-4,067230224609375
-4,05120849609375
-4,0332794189453125
-4,013824462890625
-3,9928436279296875
-3,9707183837890625
-3,9470672607421875
-3,9216995239257812
-3,894805908203125
-3,8665771484375
-3,836822509765625
-3,8054943084716797
-3,7728309631347656
-3,7386417388916016
-3,703022003173828
-3,6661148071289062
-3,6275863647460938
-3,5879135131835938
-3,5467147827148438
-3,5043716430664062
-3,4603118896484375
-3,415679931640625
-3,369140625
-3,3214569091796875
-3,272247314453125
-3,2222747802734375
-3,171539306640625
-3,118896484375
-3,064727783203125
-3,009033203125
-2,953338623046875
-2,896881103515625
-2,838897705078125
-2,779388427734375
-2,718353271484375
-2,6580810546875
-2,594757080078125
-2,53143310546875
-2,46734619140625
-2,402496337890625
-2,33612060546875
-2,2705078125
-2,2003173828125
-2,13470458984375
-2,06451416015625
-1,99432373046875
-1,92413330078125
-1,8524169921875
-1,78070068359375
-1,70745849609375
-1,6326904296875
-1,56097412109375
-1,4862060546875
-1,41143798828125
-1,336669921875
-1,25885009765625
-1,18255615234375
-1,10626220703125
-1,0284423828125
-0,9521484375
-0,87432861328125
-0,7965087890625
-0,7171630859375
-0,6378173828125
-0,55999755859375
-0,48065185546875
-0,40130615234375
-0,323486328125
-0,244140625
-0,164794921875
-0,08544921875
-0,006103515625
0,0732421875
0,15106201171875
0,23040771484375
0,30975341796875
0,3875732421875
0,46539306640625
0,54473876953125
0,62255859375
0,70037841796875
0,775146484375
0,85296630859375
0,92926025390625
1,007080078125
1,080322265625
1,1566162109375
1,2298583984375
1,30615234375
1,37939453125
1,4495849609375
1,52587890625
1,59912109375
1,6693115234375
1,7364501953125
1,806640625
1,8768310546875
1,94091796875
2,0111083984375
2,0751953125
2,142333984375
2,20947265625
2,2735595703125
2,33154296875
2,3956298828125
2,4566650390625
2,5177001953125
2,5787353515625
2,63671875
2,691650390625
2,74658203125
2,79998779296875
2,85491943359375
2,9052734375
2,9571533203125
3,0059814453125
3,05633544921875
3,10211181640625
3,1494140625
3,1951904296875
3,2379150390625
3,2806396484375
3,32183837890625
3,36151123046875
3,399658203125
3,43780517578125
3,472900390625
3,50799560546875
3,53851318359375
3,570556640625
3,60260009765625
3,63006591796875
3,6590576171875
3,68499755859375
3,70941162109375
3,7322998046875
3,75213623046875
3,77349853515625
3,790283203125
3,80706787109375
3,8238525390625
3,839111328125
3,84979248046875
3,86199951171875
3,87115478515625
3,88031005859375
3,88641357421875
3,8909912109375
3,89404296875
3,8970947265625
3,8970947265625
3,8970947265625
3,89404296875
3,88946533203125
3,88336181640625
3,87725830078125
3,86810302734375
3,858184814453125
3,847503662109375
3,833770751953125
3,81927490234375
3,80401611328125
3,786468505859375
3,76739501953125
3,74755859375
3,7261962890625
3,702545166015625
3,6777496337890625
3,6518096923828125
3,6243438720703125
3,595733642578125
3,5655975341796875
3,5343170166015625
3,5015106201171875
3,467559814453125
3,4320831298828125
3,3952713012695312
3,3573150634765625
3,3180713653564453
3,277599811553955
3,2358407974243164
3,192901611328125
3,1487464904785156
3,1032562255859375
3,057098388671875
3,0094146728515625
2,9605865478515625
2,9109954833984375
2,8598785400390625
2,8079986572265625
2,754974365234375
2,7008056640625
2,6458740234375
2,590179443359375
2,532958984375
2,474212646484375
2,416229248046875
2,35595703125
2,295684814453125
2,234649658203125
2,1728515625
2,109527587890625
2,045440673828125
1,98211669921875
1,915740966796875
1,850128173828125
1,784515380859375
1,71661376953125
1,6510009765625
1,57928466796875
1,51214599609375
1,4434814453125
1,373291015625
1,3031005859375
1,23138427734375
1,15966796875
1,0894775390625
1,01776123046875
0,94451904296875
0,872802734375
0,799560546875
0,726318359375
0,653076171875
0,579833984375
0,506591796875
0,433349609375
0,360107421875
0,28533935546875
0,21209716796875
0,1373291015625
0,06561279296875
-0,0091552734375
-0,08392333984375
-0,15716552734375
-0,23040771484375
-0,30364990234375
-0,37689208984375
-0,45013427734375
-0,5218505859375
-0,5950927734375
-0,66680908203125
-0,738525390625
-0,8087158203125
-0,88043212890625
-0,95062255859375
-1,02081298828125
-1,09100341796875
-1,16119384765625
-1,22833251953125
-1,29547119140625
-1,3641357421875
-1,42822265625
-1,495361328125
-1,5625
-1,6265869140625
-1,6937255859375
-1,7547607421875
-1,81884765625
-1,8798828125
-1,94091796875
-2,001953125
-2,06298828125
-2,1209716796875
-2,178955078125
-2,23388671875
-2,288818359375
-2,3468017578125
-2,4017333984375
-2,4566650390625
-2,508544921875
-2,5543212890625
-2,606201171875
-2,655029296875
-2,703857421875
-2,752685546875
-2,7984619140625
-2,8411865234375
-2,88238525390625
-2,9266357421875
-2,96478271484375
-3,0059814453125
-3,045654296875
-3,08074951171875
-3,118896484375
-3,1524658203125
-3,18603515625
-3,21807861328125
-3,2501220703125
-3,2806396484375
-3,30810546875
-3,3355712890625
-3,36151123046875
-3,38592529296875
-3,4088134765625
-3,43170166015625
-3,45001220703125
-3,47137451171875
-3,48663330078125
-3,50494384765625
-3,5186767578125
-3,53240966796875
-3,54461669921875
-3,5552978515625
-3,56597900390625
-3,57208251953125
-3,5797119140625
-3,58428955078125
-3,59039306640625
-3,5919189453125
-3,59344482421875
-3,5919189453125
-3,59039306640625
-3,58734130859375
-3,582763671875
-3,57666015625
-3,570556640625
-3,5614013671875
-3,55072021484375
-3,5400390625
-3,52630615234375
-3,511810302734375
-3,497314453125
-3,48052978515625
-3,46221923828125
-3,443145751953125
-3,42254638671875
-3,399658203125
-3,37677001953125
-3,35235595703125
-3,326416015625
-3,2989501953125
-3,26995849609375
-3,240203857421875
-3,209686279296875
-3,1772613525390625
-3,1444549560546875
-3,1101226806640625
-3,0742645263671875
-3,037261962890625
-2,9998779296875
-2,9605865478515625
-2,9205322265625
-2,87933349609375
-2,837085723876953
-2,793598175048828
-2,749347686767578
-2,703976631164551
-2,657604217529297
-2,610301971435547
-2,5620460510253906
-2,5129318237304688
-2,4627685546875
-2,411651611328125
-2,359771728515625
-2,30712890625
-2,25372314453125
-2,19879150390625
-2,14385986328125
-2,0877838134765625
-2,03094482421875
-1,9744873046875
-1,915740966796875
-1,857757568359375
-1,796722412109375
-1,737213134765625
-1,676177978515625
-1,61590576171875
-1,55487060546875
-1,491546630859375
-1,42974853515625
-1,36566162109375
-1,302337646484375
-1,238250732421875
-1,17340087890625
-1,10931396484375
-1,04217529296875
-0,97808837890625
-0,91094970703125
-0,8453369140625
-0,77972412109375
-0,71258544921875
-0,64544677734375
-0,579833984375
-0,5126953125
-0,445556640625
-0,37689208984375
-0,30975341796875
-0,24261474609375
-0,17547607421875
-0,10833740234375
-0,04119873046875
0,0274658203125
0,09307861328125
0,16021728515625
0,22735595703125
0,29449462890625
0,360107421875
0,42724609375
0,49285888671875
0,5584716796875
0,62255859375
0,68817138671875
0,75225830078125
0,81787109375
0,8819580078125
0,946044921875
1,00860595703125
1,0711669921875
1,13372802734375
1,19476318359375
1,25579833984375
1,31683349609375
1,3763427734375
1,43585205078125
1,49383544921875
1,55029296875
1,6082763671875
1,666259765625
1,72119140625
1,7730712890625
1,8310546875
1,8829345703125
1,9378662109375
1,9927978515625
2,03857421875
2,08740234375
2,1392822265625
2,1881103515625
2,2369384765625
2,28271484375
2,3284912109375
2,3712158203125
2,4139404296875
2,4566650390625
2,4993896484375
2,5421142578125
2,581787109375
2,618408203125
2,655029296875
2,691650390625
2,728271484375
2,7618408203125
2,79388427734375
2,825927734375
2,85797119140625
2,88848876953125
2,9144287109375
2,94342041015625
2,9693603515625
2,9937744140625
3,0181884765625
3,03955078125
3,0609130859375
3,0792236328125
3,1005859375
3,11737060546875
3,13262939453125
3,14788818359375
3,16162109375
3,17535400390625
3,18603515625
3,19671630859375
3,20587158203125
3,21197509765625
3,2196044921875
3,22418212890625
3,228759765625
3,23028564453125
3,23333740234375
3,2318115234375
3,23028564453125
3,228759765625
3,22418212890625
3,2196044921875
3,21197509765625
3,20587158203125
3,19671630859375
3,18756103515625
3,1768798828125
3,16314697265625
3,15093994140625
3,1341552734375
3,12042236328125
3,1005859375
3,08380126953125
3,06396484375
3,04412841796875
3,022003173828125
2,9998779296875
2,9754638671875
2,950286865234375
2,922821044921875
2,8961181640625
2,867889404296875
2,838134765625
2,8076171875
2,77557373046875
2,7435302734375
2,709197998046875
2,674102783203125
2,639007568359375
2,602386474609375
2,5646209716796875
2,526092529296875
2,486419677734375
2,4463653564453125
2,40478515625
2,3626327514648438
2,3197174072265625
2,275848388671875
2,2312164306640625
2,185821533203125
2,1396398544311523
2,092623710632324
2,044963836669922
1,9965171813964844
1,9474029541015625
1,897430419921875
1,847076416015625
1,7961502075195312
1,74407958984375
1,69219970703125
1,6391754150390625
1,5857696533203125
1,5316009521484375
1,47705078125
1,422119140625
1,366424560546875
1,31072998046875
1,255035400390625
1,19781494140625
1,140594482421875
1,084136962890625
1,025390625
0,968170166015625
0,909423828125
0,8514404296875
0,791168212890625
0,733184814453125
0,673675537109375
0,6134033203125
0,55389404296875
0,49591064453125
0,43487548828125
0,3753662109375
0,31585693359375
0,25634765625
0,1953125
0,1373291015625
0,0762939453125
0,018310546875
-0,042724609375
-0,10223388671875
-0,1617431640625
-0,2197265625
-0,27923583984375
-0,3387451171875
-0,396728515625
-0,4547119140625
-0,51422119140625
-0,57220458984375
-0,628662109375
-0,6866455078125
-0,7415771484375
-0,799560546875
-0,8544921875
-0,91094970703125
-0,96588134765625
-1,02081298828125
-1,07421875
-1,12762451171875
-1,17950439453125
-1,23291015625
-1,2847900390625
-1,336669921875
-1,38702392578125
-1,4373779296875
-1,4862060546875
-1,5350341796875
-1,5838623046875
-1,63116455078125
-1,67694091796875
-1,72271728515625
-1,76849365234375
-1,8096923828125
-1,85546875
-1,898193359375
-1,94091796875
-1,983642578125
-2,0233154296875
-2,06298828125
-2,099609375
-2,13623046875
-2,1759033203125
-2,20947265625
-2,24609375
-2,28271484375
-2,3101806640625
-2,3468017578125
-2,374267578125
-2,40478515625
-2,4383544921875
-2,4627685546875
-2,4932861328125
-2,5177001953125
-2,5421142578125
-2,5665283203125
-2,587890625
-2,6123046875
-2,63214111328125
-2,6519775390625
-2,6702880859375
-2,6885986328125
-2,70538330078125
-2,72064208984375
-2,73590087890625
-2,74810791015625
-2,76031494140625
-2,77252197265625
-2,78167724609375
-2,79083251953125
-2,79693603515625
-2,80609130859375
-2,81219482421875
-2,813720703125
-2,81982421875
-2,8228759765625
-2,82135009765625
-2,8228759765625
-2,82135009765625
-2,81829833984375
-2,8167724609375
-2,81219482421875
-2,80609130859375
-2,7984619140625
-2,7923583984375
-2,78472900390625
-2,7740478515625
-2,76336669921875
-2,752685546875
-2,73895263671875
-2,72674560546875
-2,7099609375
-2,6947021484375
-2,67791748046875
-2,6580810546875
-2,64129638671875
-2,6214599609375
-2,59857177734375
-2,5787353515625
-2,5543212890625
-2,53143310546875
-2,50701904296875
-2,480316162109375
-2,454376220703125
-2,426910400390625
-2,397918701171875
-2,368927001953125
-2,33917236328125
-2,30712890625
-2,27508544921875
-2,2430419921875
-2,20947265625
-2,1759033203125
-2,14080810546875
-2,10418701171875
-2,06756591796875
-2,0305633544921875
-1,9927978515625
-1,9542694091796875
-1,91497802734375
-1,8741607666015625
-1,8337249755859375
-1,7925262451171875
-1,7505645751953125
-1,7078399658203125
-1,6649246215820312
-1,621246337890625
-1,576995849609375
-1,5322327613830566
-1,486968994140625
-1,4412879943847656
-1,3949394226074219
-1,3483047485351562
-1,3011932373046875
-1,2537002563476562
-1,2058258056640625
-1,1577606201171875
-1,10931396484375
-1,0601043701171875
-1,010894775390625
-0,9613037109375
-0,9113311767578125
-0,861358642578125
-0,811767578125
-0,7598876953125
-0,70953369140625
-0,6591796875
-0,608062744140625
-0,55694580078125
-0,505828857421875
-0,453948974609375
-0,40283203125
-0,3509521484375
-0,299835205078125
-0,24871826171875
-0,197601318359375
-0,14495849609375
-0,09307861328125
-0,042724609375
0,0091552734375
0,05950927734375
0,10986328125
0,16021728515625
0,21209716796875
0,262451171875
0,31280517578125
0,3631591796875
0,4119873046875
0,46234130859375
0,51116943359375
0,55999755859375
0,60882568359375
0,6561279296875
0,70343017578125
0,750732421875
0,79803466796875
0,8453369140625
0,89111328125
0,9368896484375
0,982666015625
1,02691650390625
1,0711669921875
1,11541748046875
1,15966796875
1,202392578125
1,24359130859375
1,28631591796875
1,32598876953125
1,3671875
1,4068603515625
1,44500732421875
1,483154296875
1,519775390625
1,55792236328125
1,593017578125
1,629638671875
1,666259765625
1,69830322265625
1,7333984375
1,763916015625
1,79443359375
1,8280029296875
1,8585205078125
1,8890380859375
1,91650390625
1,947021484375
1,9744873046875
1,9989013671875
2,0233154296875
2,0477294921875
2,0721435546875
2,0965576171875
2,117919921875
2,1392822265625
2,154541015625
2,1759033203125
2,1942138671875
2,2125244140625
2,2308349609375
2,24609375
2,25830078125
2,2735595703125
2,288818359375
2,2979736328125
2,3101806640625
2,32086181640625
2,33001708984375
2,33917236328125
2,34527587890625
2,35137939453125
2,35748291015625
2,36053466796875
2,3651123046875
2,3681640625
2,3712158203125
2,3712158203125
2,3712158203125
2,36968994140625
2,36663818359375
2,36358642578125
2,362060546875
2,35595703125
2,349853515625
2,34375
2,33612060546875
2,32696533203125
2,31781005859375
2,30712890625
2,29644775390625
2,2857666015625
2,27203369140625
2,25830078125
2,24456787109375
2,227783203125
2,2125244140625
2,19573974609375
2,178955078125
2,15911865234375
2,14080810546875
2,1209716796875
2,099609375
2,07672119140625
2,05535888671875
2,032470703125
2,00653076171875
1,983642578125
1,95770263671875
1,93023681640625
1,904296875
1,8768310546875
1,848602294921875
1,82037353515625
1,78985595703125
1,7608642578125
1,729583740234375
1,69830322265625
1,667022705078125
1,63421630859375
1,6021728515625
1,567840576171875
1,534271240234375
1,499176025390625
1,464080810546875
1,4286041259765625
1,392364501953125
1,3561248779296875
1,319122314453125
1,28173828125
1,2439727783203125
1,2060165405273438
1,1674880981445312
1,1287689208984375
1,0896682739257812
1,0500907897949219
1,0103225708007812
0,9702801704406738
0,9299278259277344
0,8893013000488281
0,8485794067382812
0,8075714111328125
0,7663726806640625
0,72479248046875
0,682830810546875
0,641632080078125
0,5992889404296875
0,557708740234375
0,5153656005859375
0,4734039306640625
0,431060791015625
0,388336181640625
0,345611572265625
0,304412841796875
0,261688232421875
0,218963623046875
0,177001953125
0,135040283203125
0,09307861328125
0,051116943359375
0,008392333984375
-0,0335693359375
-0,07476806640625
-0,116729736328125
-0,15869140625
-0,19989013671875
-0,2410888671875
-0,28228759765625
-0,32196044921875
-0,3631591796875
-0,40283203125
-0,4425048828125
-0,482177734375
-0,5218505859375
-0,55999755859375
-0,59814453125
-0,6378173828125
-0,67596435546875
-0,714111328125
-0,750732421875
-0,787353515625
-0,823974609375
-0,8575439453125
-0,89263916015625
-0,92926025390625
-0,96435546875
-0,9979248046875
-1,031494140625
-1,06353759765625
-1,0955810546875
-1,12762451171875
-1,15966796875
-1,190185546875
-1,220703125
-1,251220703125
-1,28021240234375
-1,30767822265625
-1,33514404296875
-1,36260986328125
-1,39007568359375
-1,416015625
-1,44195556640625
-1,46484375
-1,49078369140625
-1,513671875
-1,53656005859375
-1,55792236328125
-1,57928466796875
-1,59912109375
-1,6204833984375
-1,641845703125
-1,66015625
-1,6754150390625
-1,6937255859375
-1,7120361328125
-1,7242431640625
-1,7425537109375
-1,7547607421875
-1,7669677734375
-1,7822265625
-1,79443359375
-1,8035888671875
-1,8157958984375
-1,824951171875
-1,8341064453125
-1,84326171875
-1,8463134765625
-1,85546875
-1,861572265625
-1,86767578125
-1,8707275390625
-1,8768310546875
-1,8798828125
-1,88140869140625
-1,8829345703125
-1,8829345703125
-1,8829345703125
-1,8829345703125
-1,88140869140625
-1,87835693359375
-1,8768310546875
-1,87225341796875
-1,86920166015625
-1,861572265625
-1,85546875
-1,849365234375
-1,84326171875
-1,8341064453125
-1,82647705078125
-1,8157958984375
-1,806640625
-1,79443359375
-1,78375244140625
-1,7730712890625
-1,75933837890625
-1,74560546875
-1,7303466796875
-1,7181396484375
-1,70135498046875
-1,6845703125
-1,6693115234375
-1,6510009765625
-1,63421630859375
-1,6143798828125
-1,5960693359375
-1,57623291015625
-1,556396484375
-1,53656005859375
-1,513671875
-1,4923095703125
-1,470947265625
-1,4495849609375
-1,4251708984375
-1,4007568359375
-1,37786865234375
-1,3519287109375
-1,3275146484375
-1,30157470703125
-1,275634765625
-1,250457763671875
-1,222991943359375
-1,1962890625
-1,1688232421875
-1,140594482421875
-1,11236572265625
-1,084136962890625
-1,05438232421875
-1,025390625
-0,995635986328125
-0,966644287109375
-0,936126708984375
-0,905609130859375
-0,875091552734375
-0,8441925048828125
-0,8136749267578125
-0,782012939453125
-0,750732421875
-0,7190704345703125
-0,6870269775390625
-0,655364990234375
-0,6231307983398438
-0,5908966064453125
-0,5585670471191406
-0,5261421203613281
-0,49359798431396484
-0,46100616455078125
-0,4283905029296875
-0,39577484130859375
-0,3631591796875
-0,33016204833984375
-0,29754638671875
-0,2651214599609375
-0,2323150634765625
-0,1995086669921875
-0,16632080078125
-0,1338958740234375
-0,101470947265625
-0,069427490234375
-0,037384033203125
-0,005340576171875
0,0274658203125
0,05950927734375
0,090789794921875
0,1220703125
0,15411376953125
0,185394287109375
0,2166748046875
0,2471923828125
0,278472900390625
0,3082275390625
0,3387451171875
0,3692626953125
0,39825439453125
0,42877197265625
0,457763671875
0,48675537109375
0,51422119140625
0,543212890625
0,56915283203125
0,59661865234375
0,62408447265625
0,65155029296875
0,67596435546875
0,70343017578125
0,7293701171875
0,75531005859375
0,77972412109375
0,8026123046875
0,82550048828125
0,84991455078125
0,872802734375
0,89569091796875
0,9185791015625
0,93994140625
0,9613037109375
0,982666015625
1,0009765625
1,02081298828125
1,0406494140625
1,0589599609375
1,07879638671875
1,0955810546875
1,1138916015625
1,12762451171875
1,1444091796875
1,16119384765625
1,17645263671875
1,190185546875
1,2054443359375
1,21917724609375
1,2298583984375
1,24359130859375
1,25579833984375
1,2664794921875
1,27716064453125
1,287841796875
1,2969970703125
1,30615234375
1,3153076171875
1,3214111328125
1,33056640625
1,336669921875
1,3427734375
1,3458251953125
1,3519287109375
1,3580322265625
1,361083984375
1,3671875
1,3671875
1,3671875
1,3671875
1,3702392578125
1,3702392578125
1,3702392578125
1,373291015625
1,3702392578125
1,3671875
1,3671875
1,3641357421875
1,361083984375
1,35498046875
1,3519287109375
1,3458251953125
1,3397216796875
1,33514404296875
1,32904052734375
1,3214111328125
1,31378173828125
1,30462646484375
1,29547119140625
1,28631591796875
1,27716064453125
1,26800537109375
1,25732421875
1,2451171875
1,23443603515625
1,2237548828125
1,2115478515625
1,1993408203125
1,18560791015625
1,17034912109375
1,1566162109375
1,14288330078125
1,129150390625
1,1138916015625
1,0986328125
1,08184814453125
1,0650634765625
1,04827880859375
1,03302001953125
1,01470947265625
0,9979248046875
0,9796142578125
0,95977783203125
0,94146728515625
0,92315673828125
0,90484619140625
0,885009765625
0,86669921875
0,84686279296875
0,82550048828125
0,80413818359375
0,7843017578125
0,762939453125
0,742340087890625
0,72174072265625
0,70037841796875
0,67901611328125
0,656890869140625
0,634765625
0,612640380859375
0,59051513671875
0,56915283203125
0,5462646484375
0,524139404296875
0,501251220703125
0,478363037109375
0,455474853515625
0,4329681396484375
0,4100799560546875
0,3875732421875
0,36468505859375
0,3414154052734375
0,31890869140625
0,2956390380859375
0,27294158935546875
0,24967193603515625
0,22706985473632812
0,20427703857421875
0,18143653869628906
0,15871524810791016
0,13606548309326172
0,11348724365234375
0,09098052978515625
0,06847381591796875
0,04634857177734375
0,02422332763671875
0,0019073486328125
-0,01983642578125
-0,0415802001953125
-0,063323974609375
-0,084686279296875
-0,106048583984375
-0,127410888671875
-0,14801025390625
-0,168609619140625
-0,189971923828125
-0,209808349609375
-0,23040771484375
-0,250244140625
-0,27008056640625
-0,28839111328125
-0,3082275390625
-0,327301025390625
-0,345611572265625
-0,36468505859375
-0,382232666015625
-0,400543212890625
-0,4180908203125
-0,43487548828125
-0,45318603515625
-0,469970703125
-0,4852294921875
-0,50201416015625
-0,518798828125
-0,53253173828125
-0,54779052734375
-0,5615234375
-0,5767822265625
-0,59051513671875
-0,60577392578125
-0,61798095703125
-0,63323974609375
-0,6439208984375
-0,65765380859375
-0,66986083984375
-0,68206787109375
-0,69122314453125
-0,70343017578125
-0,71258544921875
-0,7232666015625
-0,73394775390625
-0,74310302734375
-0,75225830078125
-0,76141357421875
-0,76904296875
-0,77667236328125
-0,78277587890625
-0,7904052734375
-0,7965087890625
-0,8026123046875
-0,8087158203125
-0,8148193359375
-0,8209228515625
-0,82550048828125
-0,82855224609375
-0,83160400390625
-0,836181640625
-0,8392333984375
-0,84228515625
-0,8453369140625
-0,8453369140625
-0,848388671875
-0,848388671875
-0,848388671875
-0,8514404296875
-0,848388671875
-0,8514404296875
-0,8514404296875
-0,848388671875
-0,848388671875
-0,8453369140625
-0,84228515625
-0,84228515625
-0,8392333984375
-0,836181640625
-0,8331298828125
-0,8270263671875
-0,823974609375
-0,81787109375
-0,811767578125
-0,8087158203125
-0,8026123046875
-0,7965087890625
-0,79345703125
-0,7843017578125
-0,7781982421875
-0,77056884765625
-0,76446533203125
-0,7568359375
-0,7476806640625
-0,74005126953125
-0,73089599609375
-0,7232666015625
-0,714111328125
-0,7049560546875
-0,69580078125
-0,68511962890625
-0,67596435546875
-0,66680908203125
-0,6561279296875
-0,64544677734375
-0,634765625
-0,62255859375
-0,61187744140625
-0,6011962890625
-0,5889892578125
-0,57830810546875
-0,56610107421875
-0,55389404296875
-0,54168701171875
-0,52947998046875
-0,518798828125
-0,506591796875
-0,494384765625
-0,4791259765625
-0,46539306640625
-0,45318603515625
-0,44097900390625
-0,42724609375
-0,4150390625
-0,40130615234375
-0,3875732421875
-0,37384033203125
-0,36163330078125
-0,347900390625
-0,33416748046875
-0,3204345703125
-0,3082275390625
-0,29296875
-0,27923583984375
-0,2655029296875
-0,252532958984375
-0,238800048828125
-0,225830078125
-0,21209716796875
-0,1983642578125
-0,185394287109375
-0,171661376953125
-0,157928466796875
-0,14495849609375
-0,131988525390625
-0,1190185546875
-0,106048583984375
-0,092315673828125
-0,0797271728515625
-0,067138671875
-0,054168701171875
-0,0415802001953125
-0,02899169921875
-0,01678466796875
-0,00457763671875
0,00743865966796875
0,0194549560546875
0,031280517578125
0,043010711669921875
0,054454803466796875
0,06585121154785156
0,07700920104980469
0,08802413940429688
0,09899139404296875
0,10967254638671875
0,1201629638671875
0,130462646484375
0,1407623291015625
0,150299072265625
0,16021728515625
0,170135498046875
0,1789093017578125
0,188446044921875
0,19683837890625
0,206756591796875
0,21514892578125
0,2227783203125
0,231170654296875
0,238800048828125
0,2471923828125
0,254058837890625
0,26092529296875
0,267791748046875
0,274658203125
0,28076171875
0,287628173828125
0,29296875
0,299072265625
0,30364990234375
0,30975341796875
0,3143310546875
0,31890869140625
0,323486328125
0,32958984375
0,3326416015625
0,33721923828125
0,34027099609375
0,3448486328125
0,3448486328125
0,34942626953125
0,3509521484375
0,35400390625
0,35552978515625
0,35858154296875
0,360107421875
0,360107421875
0,36163330078125
0,3631591796875
0,36468505859375
0,36468505859375
0,3662109375
0,36468505859375
0,36468505859375
0,3631591796875
0,36468505859375
0,36163330078125
0,36163330078125
0,360107421875
0,35858154296875
0,3570556640625
0,35400390625
0,35247802734375
0,34942626953125
0,34637451171875
0,3448486328125
0,34027099609375
0,3387451171875
0,33416748046875
0,33111572265625
0,3265380859375
0,323486328125
0,3173828125
0,3143310546875
0,3082275390625
0,30517578125
0,299072265625
0,2960205078125
0,29296875
0,286865234375
0,28076171875
0,2777099609375
0,2716064453125
0,2655029296875
0,2593994140625
0,2532958984375
0,2471923828125
0,244140625
0,2349853515625
0,2288818359375
0,2227783203125
0,2166748046875
0,2105712890625
0,2044677734375
0,1983642578125
0,189208984375
0,1861572265625
0,177001953125
0,16937255859375
0,16326904296875
0,15716552734375
0,1495361328125
0,1434326171875
0,1373291015625
0,12969970703125
0,12359619140625
0,115966796875
0,10833740234375
0,10223388671875
0,0946044921875
0,0885009765625
0,08087158203125
0,07476806640625
0,067138671875
0,06103515625
0,054931640625
0,048828125
0,04119873046875
0,03509521484375
0,0274658203125
0,0213623046875
0,0152587890625
0,0091552734375
0,0030517578125
-0,0030517578125
-0,0091552734375
-0,0152587890625
-0,0213623046875
-0,0274658203125
-0,03204345703125
-0,03814697265625
-0,042724609375
-0,04730224609375
-0,05340576171875
-0,0579833984375
-0,06256103515625
-0,06866455078125
-0,0732421875
-0,0762939453125
-0,08087158203125
-0,08544921875
-0,089263916015625
-0,092315673828125
-0,096893310546875
-0,099945068359375
-0,103759765625
-0,1068115234375
-0,10986328125
-0,1129150390625
-0,115203857421875
-0,118255615234375
-0,12054443359375
-0,122833251953125
-0,124359130859375
-0,125885009765625
-0,1277923583984375
-0,1293182373046875
-0,130462646484375
-0,1316070556640625
-0,1323699951171875
-0,13275146484375
-0,133514404296875
-0,13370513916015625
-0,1338958740234375
-0,13370513916015625
-0,133514404296875
-0,1330852508544922
-0,13246536254882812
-0,13163089752197266
-0,13065338134765625
-0,12941360473632812
-0,1277923583984375
-0,12645721435546875
-0,1247406005859375
-0,12264251708984375
-0,12054443359375
-0,118255615234375
-0,1155853271484375
-0,1129150390625
-0,1102447509765625
-0,1071929931640625
-0,103759765625
-0,1007080078125
-0,096893310546875
-0,093841552734375
-0,09002685546875
-0,08544921875
-0,081634521484375
-0,077056884765625
-0,072479248046875
-0,067901611328125
-0,06256103515625
-0,058746337890625
-0,052642822265625
-0,048065185546875
-0,04119873046875
-0,03662109375
-0,030517578125
-0,0244140625
-0,01983642578125
-0,01373291015625
-0,00762939453125
0,0
0,006103515625
0,01220703125
0,01983642578125
0,0244140625
0,03204345703125
0,03814697265625
0,0457763671875
0,05340576171875
0,05950927734375
0,067138671875
0,07476806640625
0,08087158203125
0,0885009765625
0,09613037109375
0,103759765625
0,10986328125
0,1190185546875
0,1251220703125
0,13275146484375
0,13885498046875
0,146484375
0,15411376953125
0,1617431640625
0,1708984375
0,17852783203125
0,18463134765625
0,1922607421875
0,19989013671875
0,20751953125
0,21514892578125
0,22125244140625
0,2288818359375
0,23651123046875
0,24261474609375
0,250244140625
0,25787353515625
0,2655029296875
0,2716064453125
0,2777099609375
0,286865234375
0,2899169921875
0,299072265625
0,30517578125
0,3143310546875
0,3173828125
0,323486328125
0,32958984375
0,335693359375
0,341796875
0,347900390625
0,3509521484375
0,360107421875
0,3631591796875
0,3692626953125
0,372314453125
0,3753662109375
0,3814697265625
0,384521484375
0,3875732421875
0,390625
0,3936767578125
0,3997802734375
0,40283203125
0,4058837890625
0,408935546875
0,4119873046875
0,4150390625
0,41656494140625
0,41656494140625
0,41961669921875
0,41961669921875
0,421142578125
0,42266845703125
0,4241943359375
0,4241943359375
0,4241943359375
0,42572021484375
0,42572021484375
0,42572021484375
0,4241943359375
0,42266845703125
0,42266845703125
0,421142578125
0,41961669921875
0,4180908203125
0,4150390625
0,4119873046875
0,408935546875
0,4058837890625
0,40283203125
0,3997802734375
0,39520263671875
0,39215087890625
0,3875732421875
0,384521484375
0,37994384765625
0,37384033203125
0,3692626953125
0,3631591796875
0,35858154296875
0,3509521484375
0,3448486328125
0,3387451171875
0,3326416015625
0,32501220703125
0,316619873046875
0,30975341796875
0,301361083984375
0,293731689453125
0,28533935546875
0,276947021484375
0,26702880859375
0,258636474609375
0,249481201171875
0,23956298828125
0,23040771484375
0,220489501953125
0,209808349609375
0,19989013671875
0,189208984375
0,17852783203125
0,1674652099609375
0,1560211181640625
0,14495849609375
0,1331329345703125
0,12149810791015625
0,1094818115234375
0,0972747802734375
0,08497238159179688
0,072479248046875
0,059795379638671875
0,046956539154052734
0,03399848937988281
0,020885467529296875
0,00762939453125
-0,00591278076171875
-0,01926422119140625
-0,03299713134765625
-0,0469207763671875
-0,0606536865234375
-0,07476806640625
-0,0888824462890625
-0,102996826171875
-0,1171112060546875
-0,1316070556640625
-0,145721435546875
-0,16021728515625
-0,174713134765625
-0,189971923828125
-0,203704833984375
-0,21820068359375
-0,23345947265625
-0,24871826171875
-0,263214111328125
-0,278472900390625
-0,29296875
-0,307464599609375
-0,322723388671875
-0,336456298828125
-0,35247802734375
-0,3662109375
-0,3814697265625
-0,39520263671875
-0,41046142578125
-0,4241943359375
-0,43792724609375
-0,45318603515625
-0,4669189453125
-0,482177734375
-0,49591064453125
-0,51116943359375
-0,52490234375
-0,537109375
-0,5523681640625
-0,56610107421875
-0,579833984375
-0,592041015625
-0,604248046875
-0,616455078125
-0,63018798828125
-0,64239501953125
-0,65460205078125
-0,66680908203125
-0,6805419921875
-0,69122314453125
-0,701904296875
-0,714111328125
-0,72479248046875
-0,7354736328125
-0,74462890625
-0,75531005859375
-0,7659912109375
-0,77667236328125
-0,78582763671875
-0,79498291015625
-0,80413818359375
-0,8148193359375
-0,82244873046875
-0,830078125
-0,836181640625
-0,84381103515625
-0,8514404296875
-0,8575439453125
-0,8636474609375
-0,872802734375
-0,8758544921875
-0,885009765625
-0,8880615234375
-0,8941650390625
-0,897216796875
-0,9002685546875
-0,9033203125
-0,9063720703125
-0,9124755859375
-0,9124755859375
-0,91552734375
-0,91552734375
-0,9185791015625
-0,9185791015625
-0,9246826171875
-0,9246826171875
-0,921630859375
-0,921630859375
-0,921630859375
-0,9185791015625
-0,9185791015625
-0,91552734375
-0,9124755859375
-0,91094970703125
-0,90789794921875
-0,90179443359375
-0,897216796875
-0,8941650390625
-0,88958740234375
-0,88348388671875
-0,87890625
-0,87127685546875
-0,86517333984375
-0,85906982421875
-0,84991455078125
-0,84228515625
-0,83465576171875
-0,82550048828125
-0,81634521484375
-0,80718994140625
-0,7965087890625
-0,78582763671875
-0,77667236328125
-0,76446533203125
-0,7537841796875
-0,7415771484375
-0,7293701171875
-0,71563720703125
-0,70343017578125
-0,689697265625
-0,67596435546875
-0,66070556640625
-0,64697265625
-0,63018798828125
-0,61492919921875
-0,6011962890625
-0,58441162109375
-0,567626953125
-0,55084228515625
-0,5340576171875
-0,51727294921875
-0,49896240234375
-0,482177734375
-0,4638671875
-0,44403076171875
-0,42572021484375
-0,406646728515625
-0,386810302734375
-0,366973876953125
-0,347137451171875
-0,3265380859375
-0,305938720703125
-0,2838134765625
-0,263214111328125
-0,241851806640625
-0,220489501953125
-0,1983642578125
-0,177001953125
-0,154876708984375
-0,13275146484375
-0,10986328125
-0,0873565673828125
-0,0644683837890625
-0,04119873046875
-0,0179290771484375
0,005340576171875
0,02899169921875
0,05245208740234375
0,07610321044921875
0,09975433349609375
0,12378692626953125
0,14772415161132812
0,17185211181640625
0,19595026969909668
0,2201080322265625
0,24423599243164062
0,2685546875
0,29277801513671875
0,31719207763671875
0,34122467041015625
0,3658294677734375
0,389862060546875
0,414276123046875
0,4383087158203125
0,4627227783203125
0,4863739013671875
0,51116943359375
0,5340576171875
0,5584716796875
0,582122802734375
0,60577392578125
0,629425048828125
0,652313232421875
0,675201416015625
0,698089599609375
0,720977783203125
0,74462890625
0,766754150390625
0,788116455078125
0,811004638671875
0,83160400390625
0,8544921875
0,8758544921875
0,897216796875
0,9185791015625
0,93841552734375
0,958251953125
0,97808837890625
0,9979248046875
1,01776123046875
1,03759765625
1,05743408203125
1,07269287109375
1,09100341796875
1,10931396484375
1,12762451171875
1,1444091796875
1,16119384765625
1,17645263671875
1,19171142578125
1,20849609375
1,2237548828125
1,23748779296875
1,25274658203125
1,263427734375
1,27716064453125
1,2908935546875
1,3031005859375
1,3153076171875
1,3275146484375
1,336669921875
1,34735107421875
1,3580322265625
1,36871337890625
1,3763427734375
1,38397216796875
1,3916015625
1,39923095703125
1,40533447265625
1,4129638671875
1,41754150390625
1,422119140625
1,42822265625
1,4312744140625
1,434326171875
1,4373779296875
1,4373779296875
1,4404296875
1,4404296875
1,4434814453125
1,4434814453125
1,4434814453125
1,4434814453125
1,4373779296875
1,4373779296875
1,434326171875
1,42822265625
1,4251708984375
1,422119140625
1,416015625
1,409912109375
1,40380859375
1,397705078125
1,3916015625
1,37939453125
1,3702392578125
1,361083984375
1,3519287109375
1,3397216796875
1,33056640625
1,318359375
1,30462646484375
1,2908935546875
1,2786865234375
1,26495361328125
1,24969482421875
1,23443603515625
1,2176513671875
1,20086669921875
1,18408203125
1,16729736328125
1,14898681640625
1,13067626953125
1,11083984375
1,09100341796875
1,0711669921875
1,0498046875
1,0284423828125
1,007080078125
0,98419189453125
0,96282958984375
0,93841552734375
0,91552734375
0,89111328125
0,86517333984375
0,84075927734375
0,81634521484375
0,7904052734375
0,76446533203125
0,73699951171875
0,70953369140625
0,6805419921875
0,65460205078125
0,6256103515625
0,59661865234375
0,567626953125
0,53863525390625
0,50811767578125
0,4791259765625
0,4486083984375
0,4180908203125
0,3875732421875
0,35552978515625
0,324249267578125
0,292205810546875
0,26092529296875
0,228118896484375
0,196075439453125
0,16326904296875
0,130462646484375
0,09765625
0,0640869140625
0,03204345703125
-0,00152587890625
-0,03509521484375
-0,069427490234375
-0,102996826171875
-0,1373291015625
-0,1708984375
-0,205230712890625
-0,238800048828125
-0,27313232421875
-0,3070831298828125
-0,3414154052734375
-0,37555694580078125
-0,409698486328125
-0,4436492919921875
-0,47760009765625
-0,5114555358886719
-0,5452632904052734
-0,5790472030639648
-0,612640380859375
-0,6461143493652344
-0,6793975830078125
-0,7127761840820312
-0,7455825805664062
-0,7787704467773438
-0,811004638671875
-0,84381103515625
-0,8758544921875
-0,90789794921875
-0,9395599365234375
-0,971221923828125
-1,00250244140625
-1,033782958984375
-1,064300537109375
-1,09405517578125
-1,12457275390625
-1,154327392578125
-1,18255615234375
-1,212310791015625
-1,241302490234375
-1,268768310546875
-1,2969970703125
-1,324462890625
-1,351165771484375
-1,377105712890625
-1,40380859375
-1,42822265625
-1,45416259765625
-1,47857666015625
-1,50299072265625
-1,52587890625
-1,54876708984375
-1,57318115234375
-1,593017578125
-1,6143798828125
-1,6357421875
-1,65557861328125
-1,67694091796875
-1,69525146484375
-1,7120361328125
-1,7303466796875
-1,7486572265625
-1,763916015625
-1,7791748046875
-1,79595947265625
-1,8096923828125
-1,824951171875
-1,837158203125
-1,849365234375
-1,861572265625
-1,873779296875
-1,8829345703125
-1,89361572265625
-1,9012451171875
-1,910400390625
-1,91802978515625
-1,92413330078125
-1,9317626953125
-1,9378662109375
-1,93939208984375
-1,94549560546875
-1,947021484375
-1,94854736328125
-1,9500732421875
-1,953125
-1,953125
-1,9500732421875
-1,94854736328125
-1,94854736328125
-1,94091796875
-1,94091796875
-1,934814453125
-1,9317626953125
-1,9256591796875
-1,9195556640625
-1,910400390625
-1,9012451171875
-1,8890380859375
-1,8798828125
-1,8707275390625
-1,8585205078125
-1,8463134765625
-1,8341064453125
-1,81884765625
-1,8035888671875
-1,788330078125
-1,7730712890625
-1,7547607421875
-1,7364501953125
-1,7181396484375
-1,6998291015625
-1,6815185546875
-1,66015625
-1,6357421875
-1,6143798828125
-1,59149169921875
-1,568603515625
-1,544189453125
-1,52130126953125
-1,49383544921875
-1,46636962890625
-1,4404296875
-1,4129638671875
-1,385498046875
-1,35498046875
-1,32598876953125
-1,29547119140625
-1,26495361328125
-1,2359619140625
-1,202392578125
-1,17034912109375
-1,13677978515625
-1,104736328125
-1,0711669921875
-1,03607177734375
-1,0009765625
-0,96435546875
-0,927734375
-0,89263916015625
-0,8544921875
-0,81787109375
-0,77972412109375
-0,7415771484375
-0,70343017578125
-0,665283203125
-0,62408447265625
-0,58441162109375
-0,54473876953125
-0,5035400390625
-0,4638671875
-0,421142578125
-0,3814697265625
-0,3387451171875
-0,29754638671875
-0,25634765625
-0,21209716796875
-0,16937255859375
-0,128173828125
-0,084686279296875
-0,04119873046875
0,00152587890625
0,045013427734375
0,0885009765625
0,131988525390625
0,17547607421875
0,218963623046875
0,263214111328125
0,30670166015625
0,34942626953125
0,3936767578125
0,437164306640625
0,481414794921875
0,524139404296875
0,567626953125
0,6107330322265625
0,6542205810546875
0,69732666015625
0,7396697998046875
0,78277587890625
0,8253097534179688
0,867462158203125
0,9095191955566406
0,9512901306152344
0,9928226470947266
1,034092903137207
1,0750532150268555
1,1157035827636719
1,1559486389160156
1,1959075927734375
1,2357711791992188
1,2746810913085938
1,3134002685546875
1,3519287109375
1,39007568359375
1,427459716796875
1,4644622802734375
1,50146484375
1,537322998046875
1,57318115234375
1,6082763671875
1,642608642578125
1,67694091796875
1,709747314453125
1,7425537109375
1,77459716796875
1,806640625
1,836395263671875
1,86767578125
1,89666748046875
1,926422119140625
1,95465087890625
1,98211669921875
2,00958251953125
2,03399658203125
2,06146240234375
2,08587646484375
2,1087646484375
2,1331787109375
2,154541015625
2,1759033203125
2,197265625
2,21710205078125
2,2369384765625
2,25372314453125
2,27203369140625
2,288818359375
2,3040771484375
2,3193359375
2,3345947265625
2,34527587890625
2,3590087890625
2,36968994140625
2,37884521484375
2,3895263671875
2,398681640625
2,40478515625
2,41241455078125
2,4200439453125
2,42462158203125
2,42767333984375
2,4322509765625
2,4322509765625
2,43377685546875
2,435302734375
2,43377685546875
2,4322509765625
2,43072509765625
2,4261474609375
2,4200439453125
2,41546630859375
2,40936279296875
2,4017333984375
2,392578125
2,38494873046875
2,37274169921875
2,362060546875
2,349853515625
2,337646484375
2,3193359375
2,30712890625
2,2918701171875
2,2735595703125
2,2552490234375
2,2369384765625
2,2216796875
2,197265625
2,1728515625
2,1514892578125
2,130126953125
2,105712890625
2,081298828125
2,0538330078125
2,0263671875
1,9989013671875
1,971435546875
1,94091796875
1,9134521484375
1,8829345703125
1,849365234375
1,8157958984375
1,7822265625
1,7486572265625
1,7120361328125
1,67694091796875
1,641845703125
1,605224609375
1,5655517578125
1,52740478515625
1,4892578125
1,44805908203125
1,4068603515625
1,3671875
1,324462890625
1,28173828125
1,239013671875
1,19476318359375
1,1505126953125
1,104736328125
1,06048583984375
1,01470947265625
0,96893310546875
0,921630859375
0,8758544921875
0,82550048828125
0,7781982421875
0,73089599609375
0,68206787109375
0,6317138671875
0,58135986328125
0,53253173828125
0,482177734375
0,43182373046875
0,37994384765625
0,32958984375
0,27923583984375
0,22735595703125
0,17547607421875
0,12359619140625
0,0701904296875
0,01983642578125
-0,0335693359375
-0,08697509765625
-0,1373291015625
-0,19073486328125
-0,244903564453125
-0,29754638671875
-0,350189208984375
-0,402069091796875
-0,4547119140625
-0,506591796875
-0,55999755859375
-0,61187744140625
-0,664520263671875
-0,7171630859375
-0,768280029296875
-0,820159912109375
-0,872039794921875
-0,922393798828125
-0,9735107421875
-1,0242462158203125
-1,0746002197265625
-1,12457275390625
-1,1745452880859375
-1,2237548828125
-1,2729644775390625
-1,3214111328125
-1,3696670532226562
-1,4173507690429688
-1,4646530151367188
-1,5114784240722656
-1,557779312133789
-1,6035735607147217
-1,648855209350586
-1,6935348510742188
-1,7376899719238281
-1,7812728881835938
-1,824188232421875
-1,8665313720703125
-1,908111572265625
-1,949310302734375
-1,98974609375
-2,0294189453125
-2,068328857421875
-2,1060943603515625
-2,143096923828125
-2,18048095703125
-2,215576171875
-2,25067138671875
-2,2857666015625
-2,3193359375
-2,35137939453125
-2,3834228515625
-2,4139404296875
-2,443695068359375
-2,47344970703125
-2,50091552734375
-2,52838134765625
-2,55584716796875
-2,58026123046875
-2,60467529296875
-2,62908935546875
-2,65045166015625
-2,67333984375
-2,691650390625
-2,7130126953125
-2,72979736328125
-2,7496337890625
-2,764892578125
-2,77862548828125
-2,79541015625
-2,80914306640625
-2,81829833984375
-2,83050537109375
-2,83966064453125
-2,84881591796875
-2,85797119140625
-2,86407470703125
-2,87017822265625
-2,874755859375
-2,8778076171875
-2,880859375
-2,87933349609375
-2,880859375
-2,880859375
-2,8778076171875
-2,874755859375
-2,86865234375
-2,86407470703125
-2,85797119140625
-2,84881591796875
-2,83966064453125
-2,83050537109375
-2,81829833984375
-2,8076171875
-2,7923583984375
-2,77862548828125
-2,7618408203125
-2,74658203125
-2,728271484375
-2,70843505859375
-2,6885986328125
-2,66876220703125
-2,6458740234375
-2,6214599609375
-2,60009765625
-2,5726318359375
-2,545166015625
-2,5177001953125
-2,490234375
-2,459716796875
-2,4322509765625
-2,398681640625
-2,3651123046875
-2,33154296875
-2,294921875
-2,264404296875
-2,2247314453125
-2,191162109375
-2,1484375
-2,1087646484375
-2,069091796875
-2,0294189453125
-1,9866943359375
-1,947021484375
-1,9012451171875
-1,8585205078125
-1,8096923828125
-1,7669677734375
-1,71966552734375
-1,67083740234375
-1,62353515625
-1,57470703125
-1,52435302734375
-1,4739990234375
-1,42364501953125
-1,37176513671875
-1,3214111328125
-1,26800537109375
-1,21307373046875
-1,15966796875
-1,10626220703125
-1,0498046875
-0,994873046875
-0,93841552734375
-0,8819580078125
-0,823974609375
-0,76904296875
-0,7110595703125
-0,65155029296875
-0,59356689453125
-0,53558349609375
-0,47607421875
-0,41656494140625
-0,35858154296875
-0,299072265625
-0,238037109375
-0,177001953125
-0,11749267578125
-0,05645751953125
0,00457763671875
0,0640869140625
0,1251220703125
0,18768310546875
0,2471923828125
0,3082275390625
0,3692626953125
0,4302978515625
0,4913330078125
0,55084228515625
0,61187744140625
0,67291259765625
0,73394775390625
0,792694091796875
0,85296630859375
0,9124755859375
0,972747802734375
1,031494140625
1,0894775390625
1,14898681640625
1,207733154296875
1,264190673828125
1,322174072265625
1,378631591796875
1,435089111328125
1,491546630859375
1,546478271484375
1,6017913818359375
1,656341552734375
1,7101287841796875
1,7635345458984375
1,8161773681640625
1,8680572509765625
1,9195556640625
1,9702911376953125
2,0204544067382812
2,0696640014648438
2,1183013916015625
2,1661758422851562
2,213311195373535
2,2596359252929688
2,3052215576171875
2,3500442504882812
2,3937225341796875
2,43682861328125
2,478790283203125
2,519989013671875
2,5604248046875
2,599334716796875
2,6378631591796875
2,6752471923828125
2,7118682861328125
2,747344970703125
2,78167724609375
2,814483642578125
2,8472900390625
2,87933349609375
2,909088134765625
2,938079833984375
2,965545654296875
2,99224853515625
3,018951416015625
3,043365478515625
3,067779541015625
3,089141845703125
3,110504150390625
3,12957763671875
3,1494140625
3,16619873046875
3,18450927734375
3,1982421875
3,21197509765625
3,22723388671875
3,23638916015625
3,24859619140625
3,25469970703125
3,265380859375
3,26995849609375
3,2745361328125
3,27911376953125
3,28216552734375
3,28369140625
3,28369140625
3,28369140625
3,2806396484375
3,277587890625
3,271484375
3,26690673828125
3,25775146484375
3,2501220703125
3,240966796875
3,22723388671875
3,216552734375
3,2012939453125
3,18603515625
3,16925048828125
3,1524658203125
3,1341552734375
3,11431884765625
3,09295654296875
3,06854248046875
3,045654296875
3,01971435546875
2,9937744140625
2,96630859375
2,93731689453125
2,90679931640625
2,87628173828125
2,84423828125
2,81219482421875
2,777099609375
2,7435302734375
2,703857421875
2,667236328125
2,6275634765625
2,587890625
2,545166015625
2,50244140625
2,4627685546875
2,4169921875
2,3712158203125
2,325439453125
2,276611328125
2,2308349609375
2,1820068359375
2,1331787109375
2,081298828125
2,0294189453125
1,9744873046875
1,9256591796875
1,8707275390625
1,812744140625
1,7578125
1,702880859375
1,6448974609375
1,58843994140625
1,5289306640625
1,4678955078125
1,409912109375
1,348876953125
1,287841796875
1,22528076171875
1,1627197265625
1,0986328125
1,03759765625
0,9735107421875
0,909423828125
0,8453369140625
0,77972412109375
0,71258544921875
0,64697265625
0,58135986328125
0,51422119140625
0,44708251953125
0,3814697265625
0,3143310546875
0,24566650390625
0,177001953125
0,11138916015625
0,042724609375
-0,02593994140625
-0,0946044921875
-0,1617431640625
-0,23040771484375
-0,299072265625
-0,36773681640625
-0,4364013671875
-0,5035400390625
-0,57373046875
-0,640869140625
-0,7080078125
-0,775146484375
-0,84228515625
-0,909423828125
-0,9765625
-1,043701171875
-1,10931396484375
-1,1749267578125
-1,2420654296875
-1,305389404296875
-1,369476318359375
-1,433563232421875
-1,4984130859375
-1,56097412109375
-1,62353515625
-1,685333251953125
-1,747894287109375
-1,807403564453125
-1,86920166015625
-1,927947998046875
-1,987457275390625
-2,045440673828125
-2,103424072265625
-2,1595001220703125
-2,2159576416015625
-2,2708892822265625
-2,325439453125
-2,3792266845703125
-2,4318695068359375
-2,4835586547851562
-2,53448486328125
-2,5844573974609375
-2,6336669921875
-2,681732177734375
-2,7287960052490234
-2,774941921234131
-2,8200387954711914
-2,8641700744628906
-2,9071807861328125
-2,9489517211914062
-2,9897689819335938
-3,029632568359375
-3,0681610107421875
-3,1055450439453125
-3,14178466796875
-3,1764984130859375
-3,2108306884765625
-3,2436370849609375
-3,2749176025390625
-3,3050537109375
-3,33404541015625
-3,36151123046875
-3,388214111328125
-3,41339111328125
-3,43780517578125
-3,460693359375
-3,4820556640625
-3,501129150390625
-3,52020263671875
-3,5369873046875
-3,553009033203125
-3,5675048828125
-3,58123779296875
-3,5919189453125
-3,60260009765625
-3,61175537109375
-3,619384765625
-3,62548828125
-3,631591796875
-3,6346435546875
-3,63616943359375
-3,6376953125
-3,6346435546875
-3,6346435546875
-3,63006591796875
-3,62548828125
-3,61785888671875
-3,6102294921875
-3,60107421875
-3,59039306640625
-3,57818603515625
-3,56597900390625
-3,55072021484375
-3,533935546875
-3,515625
-3,497314453125
-3,4759521484375
-3,45458984375
-3,43170166015625
-3,40728759765625
-3,37982177734375
-3,3538818359375
-3,32489013671875
-3,2958984375
-3,26385498046875
-3,2318115234375
-3,19976806640625
-3,16314697265625
-3,12652587890625
-3,08837890625
-3,05023193359375
-3,009033203125
-2,9693603515625
-2,92816162109375
-2,88238525390625
-2,838134765625
-2,7923583984375
-2,74658203125
-2,69775390625
-2,64892578125
-2,5970458984375
-2,545166015625
-2,4932861328125
-2,44140625
-2,3834228515625
-2,33154296875
-2,2735595703125
-2,2125244140625
-2,1575927734375
-2,0965576171875
-2,03857421875
-1,9805908203125
-1,91650390625
-1,8524169921875
-1,788330078125
-1,7242431640625
-1,6632080078125
-1,5960693359375
-1,531982421875
-1,4617919921875
-1,397705078125
-1,3275146484375
-1,25885009765625
-1,18865966796875
-1,1199951171875
-1,0498046875
-0,9796142578125
-0,9063720703125
-0,83465576171875
-0,762939453125
-0,689697265625
-0,61798095703125
-0,54473876953125
-0,47149658203125
-0,39825439453125
-0,323486328125
-0,250244140625
-0,177001953125
-0,10223388671875
-0,0274658203125
0,04730224609375
0,1220703125
0,19683837890625
0,2716064453125
0,34637451171875
0,41961669921875
0,49591064453125
0,56915283203125
0,64239501953125
0,7171630859375
0,79193115234375
0,86517333984375
0,93841552734375
1,0101318359375
1,0833740234375
1,15509033203125
1,22833251953125
1,29852294921875
1,37176513671875
1,4404296875
1,5106201171875
1,580810546875
1,64947509765625
1,71966552734375
1,7852783203125
1,853179931640625
1,920318603515625
1,985931396484375
2,051544189453125
2,11639404296875
2,179718017578125
2,2430419921875
2,3040771484375
2,3651123046875
2,4261474609375
2,48565673828125
2,54364013671875
2,602386474609375
2,658843994140625
2,7149200439453125
2,76947021484375
2,8232574462890625
2,8759002685546875
2,927398681640625
2,9781341552734375
3,02734375
3,0757904052734375
3,1230926513671875
3,1688690185546875
3,213787078857422
3,257465362548828
3,299713134765625
3,340846300125122
3,380727767944336
3,4193038940429688
3,456592559814453
3,4925460815429688
3,527069091796875
3,5604476928710938
3,5923004150390625
3,623199462890625
3,6525726318359375
3,680419921875
3,7067413330078125
3,7319183349609375
3,75518798828125
3,778076171875
3,798675537109375
3,8177490234375
3,8360595703125
3,852081298828125
3,867340087890625
3,88031005859375
3,891754150390625
3,90167236328125
3,910064697265625
3,91845703125
3,923797607421875
3,928375244140625
3,93218994140625
3,93218994140625
3,9306640625
3,9306640625
3,92608642578125
3,92303466796875
3,91693115234375
3,9093017578125
3,89862060546875
3,887939453125
3,875732421875
3,863525390625
3,84674072265625
3,8299560546875
3,8116455078125
3,79180908203125
3,7689208984375
3,74755859375
3,72161865234375
3,69873046875
3,66973876953125
3,6407470703125
3,61175537109375
3,5797119140625
3,546142578125
3,51104736328125
3,47442626953125
3,4393310546875
3,399658203125
3,36151123046875
3,31878662109375
3,277587890625
3,2318115234375
3,18756103515625
3,1402587890625
3,09295654296875
3,045654296875
2,9937744140625
2,94342041015625
2,8900146484375
2,83660888671875
2,783203125
2,7252197265625
2,66876220703125
2,6092529296875
2,5543212890625
2,4932861328125
2,4322509765625
2,3712158203125
2,3040771484375
2,239990234375
2,1759033203125
2,11181640625
2,044677734375
1,9775390625
1,910400390625
1,837158203125
1,7669677734375
1,6998291015625
1,62353515625
1,556396484375
1,483154296875
1,409912109375
1,3336181640625
1,2603759765625
1,1871337890625
1,1077880859375
1,031494140625
0,9552001953125
0,87890625
0,80108642578125
0,7232666015625
0,64544677734375
0,567626953125
0,48980712890625
0,408935546875
0,33111572265625
0,250244140625
0,17242431640625
0,09307861328125
0,01373291015625
-0,067138671875
-0,146484375
-0,225830078125
-0,30670166015625
-0,3875732421875
-0,4669189453125
-0,5462646484375
-0,6256103515625
-0,7049560546875
-0,78277587890625
-0,86212158203125
-0,93841552734375
-1,01776123046875
-1,0955810546875
-1,1749267578125
-1,251220703125
-1,32904052734375
-1,40228271484375
-1,47857666015625
-1,55487060546875
-1,629638671875
-1,70440673828125
-1,776123046875
-1,849365234375
-1,92108154296875
-1,9927978515625
-2,06298828125
-2,13165283203125
-2,203369140625
-2,26898193359375
-2,337646484375
-2,40325927734375
-2,47039794921875
-2,53448486328125
-2,599334716796875
-2,661895751953125
-2,72369384765625
-2,78472900390625
-2,845001220703125
-2,90374755859375
-2,960968017578125
-3,017425537109375
-3,0731201171875
-3,1280517578125
-3,180694580078125
-3,23333740234375
-3,2833099365234375
-3,3329010009765625
-3,3809661865234375
-3,4282684326171875
-3,473663330078125
-3,5182952880859375
-3,5614013671875
-3,6027908325195312
-3,6432266235351562
-3,6821365356445312
-3,7197113037109375
-3,755807876586914
-3,7904977798461914
-3,823733329772949
-3,8555145263671875
-3,8858413696289062
-3,914642333984375
-3,9419174194335938
-3,9676666259765625
-3,9918899536132812
-4,01458740234375
-4,03594970703125
-4,0557861328125
-4,0737152099609375
-4,0904998779296875
-4,1049957275390625
-4,119110107421875
-4,13055419921875
-4,1412353515625
-4,149627685546875
-4,156494140625
-4,16107177734375
-4,164886474609375
-4,16717529296875
-4,168701171875
-4,16717529296875
-4,164886474609375
-4,160308837890625
-4,154205322265625
-4,146575927734375
-4,13818359375
-4,12750244140625
-4,11376953125
-4,1015625
-4,08477783203125
-4,0679931640625
-4,04815673828125
-4,02984619140625
-4,0069580078125
-3,985595703125
-3,95965576171875
-3,9337158203125
-3,90472412109375
-3,87420654296875
-3,84368896484375
-3,81011962890625
-3,778076171875
-3,741455078125
-3,704833984375
-3,66668701171875
-3,62548828125
-3,58428955078125
-3,54156494140625
-3,497314453125
-3,4515380859375
-3,40576171875
-3,35540771484375
-3,30810546875
-3,2562255859375
-3,204345703125
-3,15093994140625
-3,09600830078125
-3,03955078125
-2,98309326171875
-2,92510986328125
-2,8656005859375
-2,8045654296875
-2,74200439453125
-2,679443359375
-2,61688232421875
-2,54974365234375
-2,484130859375
-2,41851806640625
-2,349853515625
-2,2796630859375
-2,20947265625
-2,1392822265625
-2,069091796875
-1,995849609375
-1,922607421875
-1,849365234375
-1,776123046875
-1,6998291015625
-1,6204833984375
-1,5472412109375
-1,4678955078125
-1,3885498046875
-1,312255859375
-1,23291015625
-1,153564453125
-1,07421875
-0,9918212890625
-0,909423828125
-0,8270263671875
-0,74462890625
-0,6622314453125
-0,579833984375
-0,4974365234375
-0,4150390625
-0,33111572265625
-0,24871826171875
-0,164794921875
-0,08087158203125
0,0030517578125
0,08697509765625
0,16937255859375
0,2532958984375
0,33721923828125
0,41961669921875
0,5035400390625
0,58746337890625
0,66986083984375
0,75225830078125
0,836181640625
0,9185791015625
1,0009765625
1,0833740234375
1,16424560546875
1,24359130859375
1,32598876953125
1,40533447265625
1,48468017578125
1,56402587890625
1,641845703125
1,71966552734375
1,7974853515625
1,87530517578125
1,9500732421875
2,02484130859375
2,099609375
2,1728515625
2,24609375
2,31781005859375
2,3895263671875
2,459716796875
2,52838134765625
2,5970458984375
2,6641845703125
2,72979736328125
2,79541015625
2,8594970703125
2,923583984375
2,98614501953125
3,046417236328125
3,105926513671875
3,1646728515625
3,221893310546875
3,278350830078125
3,333282470703125
3,386688232421875
3,440093994140625
3,4912109375
3,540802001953125
3,5888671875
3,63616943359375
3,68194580078125
3,7261962890625
3,7685394287109375
3,81011962890625
3,8501739501953125
3,8883209228515625
3,9257049560546875
3,9615631103515625
3,9951324462890625
4,027748107910156
4,0584564208984375
4,087924957275391
4,115581512451172
4,141807556152344
4,16640043258667
4,189395904541016
4,210662841796875
4,230499267578125
4,248619079589844
4,2652130126953125
4,28009033203125
4,293060302734375
4,3048858642578125
4,3148040771484375
4,3231964111328125
4,329681396484375
4,334259033203125
4,337310791015625
4,338836669921875
4,338836669921875
4,337310791015625
4,33349609375
4,328155517578125
4,3212890625
4,312896728515625
4,302215576171875
4,290771484375
4,277801513671875
4,26177978515625
4,244232177734375
4,2266845703125
4,206085205078125
4,1839599609375
4,16259765625
4,1351318359375
4,10919189453125
4,0802001953125
4,05120849609375
4,02069091796875
3,98712158203125
3,9520263671875
3,9154052734375
3,8787841796875
3,839111328125
3,79791259765625
3,7567138671875
3,7139892578125
3,66668701171875
3,6224365234375
3,57208251953125
3,5247802734375
3,472900390625
3,4210205078125
3,36761474609375
3,314208984375
3,25775146484375
3,19976806640625
3,14178466796875
3,082275390625
3,021240234375
2,95867919921875
2,89459228515625
2,83050537109375
2,764892578125
2,69927978515625
2,63214111328125
2,56195068359375
2,4932861328125
2,42156982421875
2,349853515625
2,276611328125
2,203369140625
2,12860107421875
2,0538330078125
1,9775390625
1,898193359375
1,8218994140625
1,74560546875
1,666259765625
1,5869140625
1,5045166015625
1,4251708984375
1,3397216796875
1,2603759765625
1,1749267578125
1,092529296875
1,0101318359375
0,9246826171875
0,84228515625
0,7568359375
0,67138671875
0,5859375
0,50048828125
0,4150390625
0,32958984375
0,244140625
0,1556396484375
0,0701904296875
-0,0152587890625
-0,1007080078125
-0,189208984375
-0,27618408203125
-0,36163330078125
-0,44708251953125
-0,5340576171875
-0,6195068359375
-0,7049560546875
-0,7904052734375
-0,8758544921875
-0,9613037109375
-1,0467529296875
-1,13067626953125
-1,21307373046875
-1,29547119140625
-1,37939453125
-1,4617919921875
-1,544189453125
-1,62353515625
-1,70440673828125
-1,7852783203125
-1,8646240234375
-1,94244384765625
-2,020263671875
-2,09808349609375
-2,1728515625
-2,2491455078125
-2,32391357421875
-2,398681640625
-2,4688720703125
-2,5421142578125
-2,61383056640625
-2,6824951171875
-2,75115966796875
-2,81982421875
-2,88543701171875
-2,9510498046875
-3,01666259765625
-3,0792236328125
-3,14178466796875
-3,20281982421875
-3,2623291015625
-3,3203125
-3,3782958984375
-3,4332275390625
-3,488922119140625
-3,542327880859375
-3,594207763671875
-3,64532470703125
-3,69415283203125
-3,742218017578125
-3,787994384765625
-3,832244873046875
-3,875732421875
-3,917694091796875
-3,9581298828125
-3,997039794921875
-4,034423828125
-4,070281982421875
-4,1042327880859375
-4,1370391845703125
-4,167938232421875
-4,1973114013671875
-4,2247772216796875
-4,2514801025390625
-4,2755126953125
-4,298591613769531
-4,31976318359375
-4,3392181396484375
-4,357242584228516
-4,373455047607422
-4,387903213500977
-4,400736093521118
-4,411840438842773
-4,421234130859375
-4,428958892822266
-4,434967041015625
-4,4391632080078125
-4,441642761230469
-4,442596435546875
-4,4414520263671875
-4,4391632080078125
-4,4345855712890625
-4,4284820556640625
