-0,030517578125
-0,030517578125
-0,06103515625
-0,091552734375
-0,091552734375
-0,0762939453125
-0,0762939453125
-0,091552734375
-0,1068115234375
-0,091552734375
-0,1068115234375
-0,1220703125
-0,1220703125
-0,1373291015625
-0,152587890625
-0,152587890625
-0,1220703125
-0,18310546875
-0,152587890625
-0,18310546875
-0,18310546875
-0,152587890625
-0,152587890625
-0,18310546875
-0,18310546875
-0,213623046875
-0,213623046875
-0,244140625
-0,244140625
-0,213623046875
-0,244140625
-0,213623046875
-0,213623046875
-0,274658203125
-0,244140625
-0,274658203125
-0,244140625
-0,30517578125
-0,30517578125
-0,274658203125
-0,2899169921875
-0,2899169921875
-0,2899169921875
-0,2899169921875
-0,335693359375
-0,3204345703125
-0,30517578125
-0,335693359375
-0,335693359375
-0,335693359375
-0,335693359375
-0,335693359375
-0,3509521484375
-0,3204345703125
-0,3509521484375
-0,335693359375
-0,3509521484375
-0,3509521484375
-0,3204345703125
-0,3204345703125
-0,335693359375
-0,335693359375
-0,3662109375
-0,3509521484375
-0,3509521484375
-0,3509521484375
-0,3662109375
-0,3509521484375
-0,3662109375
-0,335693359375
-0,3662109375
-0,335693359375
-0,3509521484375
-0,3509521484375
-0,335693359375
-0,30517578125
-0,335693359375
-0,335693359375
-0,3204345703125
-0,30517578125
-0,30517578125
-0,30517578125
-0,2899169921875
-0,2899169921875
-0,30517578125
-0,2899169921875
-0,28228759765625
-0,26702880859375
-0,26702880859375
-0,26702880859375
-0,26702880859375
-0,2593994140625
-0,23651123046875
-0,244140625
-0,25177001953125
-0,22125244140625
-0,2288818359375
-0,213623046875
-0,202178955078125
-0,194549560546875
-0,18310546875
-0,179290771484375
-0,171661376953125
-0,16021728515625
-0,148773193359375
-0,141143798828125
-0,1316070556640625
-0,1201629638671875
-0,110626220703125
-0,10013580322265625
-0,09006261825561523
-0,07915496826171875
-0,06866455078125
-0,0591278076171875
-0,0476837158203125
-0,0362396240234375
-0,0247955322265625
-0,019073486328125
-0,003814697265625
0,00762939453125
0,02288818359375
0,030517578125
0,049591064453125
0,06103515625
0,0762939453125
0,0762939453125
0,09918212890625
0,11444091796875
0,1220703125
0,1373291015625
0,14495849609375
0,16021728515625
0,17547607421875
0,1983642578125
0,19073486328125
0,213623046875
0,2288818359375
0,23651123046875
0,244140625
0,274658203125
0,274658203125
0,274658203125
0,2899169921875
0,3204345703125
0,3204345703125
0,335693359375
0,335693359375
0,3814697265625
0,3662109375
0,4119873046875
0,42724609375
0,4425048828125
0,4425048828125
0,4425048828125
0,457763671875
0,4730224609375
0,5035400390625
0,5035400390625
0,5035400390625
0,5340576171875
0,518798828125
0,5340576171875
0,5645751953125
0,5645751953125
0,5645751953125
0,5950927734375
0,5950927734375
0,6256103515625
0,6256103515625
0,6256103515625
0,640869140625
0,6256103515625
0,6561279296875
0,67138671875
0,67138671875
0,6866455078125
0,6866455078125
0,7171630859375
0,732421875
0,7171630859375
0,7171630859375
0,67138671875
0,762939453125
0,732421875
0,79345703125
0,762939453125
0,762939453125
0,762939453125
0,79345703125
0,79345703125
0,762939453125
0,823974609375
0,762939453125
0,823974609375
0,823974609375
0,79345703125
0,79345703125
0,823974609375
0,79345703125
0,8544921875
0,8544921875
0,8544921875
0,79345703125
0,8544921875
0,8544921875
0,823974609375
0,885009765625
0,823974609375
0,823974609375
0,8392333984375
0,823974609375
0,8087158203125
0,8087158203125
0,79345703125
0,8087158203125
0,79345703125
0,8087158203125
0,79345703125
0,79345703125
0,7781982421875
0,7781982421875
0,79345703125
0,762939453125
0,7476806640625
0,762939453125
0,732421875
0,732421875
0,732421875
0,701904296875
0,7171630859375
0,701904296875
0,701904296875
0,6866455078125
0,6561279296875
0,640869140625
0,6256103515625
0,6256103515625
0,6103515625
0,6103515625
0,5950927734375
0,5645751953125
0,579833984375
0,54931640625
0,5340576171875
0,518798828125
0,48828125
0,48828125
0,4730224609375
0,4425048828125
0,42724609375
0,4119873046875
0,40435791015625
0,396728515625
0,37384033203125
0,34332275390625
0,335693359375
0,3204345703125
0,29754638671875
0,26702880859375
0,25177001953125
0,244140625
0,2288818359375
0,20599365234375
0,19073486328125
0,171661376953125
0,14495849609375
0,118255615234375
0,09918212890625
0,080108642578125
0,06103515625
0,041961669921875
0,0171661376953125
-0,0057220458984375
-0,0247955322265625
-0,04863739013671875
-0,0705718994140625
-0,09202957153320312
-0,11408329010009766
-0,13637542724609375
-0,15926361083984375
-0,1811981201171875
-0,2040863037109375
-0,225067138671875
-0,247955322265625
-0,270843505859375
-0,293731689453125
-0,31280517578125
-0,331878662109375
-0,3662109375
-0,38909912109375
-0,40435791015625
-0,42724609375
-0,43487548828125
-0,457763671875
-0,48828125
-0,518798828125
-0,5340576171875
-0,55694580078125
-0,58746337890625
-0,5950927734375
-0,6256103515625
-0,6561279296875
-0,67901611328125
-0,69427490234375
-0,7171630859375
-0,732421875
-0,7476806640625
-0,7781982421875
-0,79345703125
-0,79345703125
-0,823974609375
-0,8392333984375
-0,8697509765625
-0,885009765625
-0,91552734375
-0,946044921875
-0,946044921875
-0,9765625
-0,9918212890625
-1,007080078125
-1,007080078125
-1,0528564453125
-1,068115234375
-1,068115234375
-1,068115234375
-1,0986328125
-1,0986328125
-1,129150390625
-1,1444091796875
-1,1444091796875
-1,1749267578125
-1,1749267578125
-1,190185546875
-1,2054443359375
-1,2054443359375
-1,220703125
-1,2359619140625
-1,2359619140625
-1,2664794921875
-1,251220703125
-1,2664794921875
-1,2664794921875
-1,28173828125
-1,312255859375
-1,312255859375
-1,312255859375
-1,2969970703125
-1,3427734375
-1,3427734375
-1,312255859375
-1,3427734375
-1,3427734375
-1,312255859375
-1,40380859375
-1,312255859375
-1,3427734375
-1,312255859375
-1,312255859375
-1,312255859375
-1,3427734375
-1,28173828125
-1,3427734375
-1,3427734375
-1,373291015625
-1,373291015625
-1,3427734375
-1,3427734375
-1,3427734375
-1,3427734375
-1,28173828125
-1,251220703125
-1,220703125
-1,28173828125
-1,2664794921875
-1,2664794921875
-1,251220703125
-1,2359619140625
-1,2359619140625
-1,2054443359375
-1,2054443359375
-1,2054443359375
-1,190185546875
-1,1749267578125
-1,15966796875
-1,1138916015625
-1,1138916015625
-1,0986328125
-1,0986328125
-1,068115234375
-1,0528564453125
-1,03759765625
-1,007080078125
-0,9918212890625
-0,9765625
-0,9613037109375
-0,946044921875
-0,91552734375
-0,885009765625
-0,885009765625
-0,8544921875
-0,8392333984375
-0,8087158203125
-0,7781982421875
-0,762939453125
-0,732421875
-0,732421875
-0,67138671875
-0,6561279296875
-0,6256103515625
-0,6103515625
-0,579833984375
-0,54931640625
-0,518798828125
-0,48828125
-0,4730224609375
-0,4425048828125
-0,4119873046875
-0,3814697265625
-0,34332275390625
-0,335693359375
-0,29754638671875
-0,26702880859375
-0,23651123046875
-0,213623046875
-0,18310546875
-0,1373291015625
-0,1068115234375
-0,0762939453125
-0,03814697265625
-0,02288818359375
0,0152587890625
0,0457763671875
0,080108642578125
0,1068115234375
0,14495849609375
0,17547607421875
0,209808349609375
0,2384185791015625
0,2727508544921875
0,30517578125
0,335693359375
0,36716461181640625
0,39958953857421875
0,43201446533203125
0,4639625549316406
0,49686431884765625
0,5292892456054688
0,560760498046875
0,591278076171875
0,6256103515625
0,6561279296875
0,690460205078125
0,720977783203125
0,7476806640625
0,7781982421875
0,812530517578125
0,843048095703125
0,87738037109375
0,89263916015625
0,92315673828125
0,9613037109375
0,99945068359375
1,01470947265625
1,04522705078125
1,0833740234375
1,10626220703125
1,12152099609375
1,15966796875
1,190185546875
1,21307373046875
1,24359130859375
1,2664794921875
1,2969970703125
1,312255859375
1,3275146484375
1,373291015625
1,40380859375
1,434326171875
1,4190673828125
1,4495849609375
1,495361328125
1,5106201171875
1,52587890625
1,52587890625
1,556396484375
1,5869140625
1,617431640625
1,6021728515625
1,6326904296875
1,6632080078125
1,6632080078125
1,678466796875
1,6937255859375
1,708984375
1,7242431640625
1,739501953125
1,739501953125
1,77001953125
1,800537109375
1,7852783203125
1,7852783203125
1,8157958984375
1,8157958984375
1,8310546875
1,8157958984375
1,8310546875
1,8463134765625
1,8463134765625
1,8463134765625
1,8463134765625
1,861572265625
1,861572265625
1,861572265625
1,861572265625
1,8463134765625
1,8310546875
1,861572265625
1,861572265625
1,861572265625
1,861572265625
1,861572265625
1,8310546875
1,861572265625
1,8310546875
1,77001953125
1,8310546875
1,8310546875
1,8310546875
1,800537109375
1,77001953125
1,77001953125
1,708984375
1,708984375
1,708984375
1,678466796875
1,708984375
1,64794921875
1,678466796875
1,64794921875
1,5869140625
1,6021728515625
1,5716552734375
1,5411376953125
1,52587890625
1,5106201171875
1,4801025390625
1,46484375
1,46484375
1,40380859375
1,3885498046875
1,3580322265625
1,3275146484375
1,312255859375
1,28173828125
1,251220703125
1,220703125
1,2054443359375
1,1749267578125
1,1444091796875
1,1138916015625
1,0833740234375
1,03759765625
1,007080078125
0,9918212890625
0,946044921875
0,9002685546875
0,885009765625
0,8544921875
0,79345703125
0,7476806640625
0,732421875
0,6866455078125
0,640869140625
0,640869140625
0,5645751953125
0,54931640625
0,518798828125
0,4425048828125
0,42724609375
0,396728515625
0,3509521484375
0,2899169921875
0,244140625
0,213623046875
0,17547607421875
0,14495849609375
0,09918212890625
0,06866455078125
0,02288818359375
-0,02288818359375
-0,06103515625
-0,09918212890625
-0,1373291015625
-0,19073486328125
-0,244140625
-0,274658203125
-0,31280517578125
-0,3509521484375
-0,408172607421875
-0,4425048828125
-0,484466552734375
-0,522613525390625
-0,5645751953125
-0,606536865234375
-0,652313232421875
-0,6885528564453125
-0,736236572265625
-0,7734298706054688
-0,8144378662109375
-0,8549690246582031
-0,8951425552368164
-0,9350776672363281
-0,9756088256835938
-1,01470947265625
-1,0509490966796875
-1,094818115234375
-1,132965087890625
-1,163482666015625
-1,209259033203125
-1,24359130859375
-1,28173828125
-1,316070556640625
-1,3580322265625
-1,392364501953125
-1,434326171875
-1,45721435546875
-1,48773193359375
-1,52587890625
-1,556396484375
-1,59454345703125
-1,62506103515625
-1,65557861328125
-1,70135498046875
-1,708984375
-1,7547607421875
-1,7852783203125
-1,80816650390625
-1,83868408203125
-1,8463134765625
-1,89208984375
-1,9073486328125
-1,953125
-1,9683837890625
-2,0294189453125
-2,0294189453125
-2,01416015625
-2,0751953125
-2,105712890625
-2,105712890625
-2,1209716796875
-2,166748046875
-2,13623046875
-2,1820068359375
-2,2125244140625
-2,227783203125
-2,227783203125
-2,227783203125
-2,25830078125
-2,25830078125
-2,288818359375
-2,2735595703125
-2,3040771484375
-2,3040771484375
-2,3345947265625
-2,3345947265625
-2,3345947265625
-2,3345947265625
-2,349853515625
-2,3345947265625
-2,349853515625
-2,349853515625
-2,349853515625
-2,3345947265625
-2,349853515625
-2,349853515625
-2,3345947265625
-2,3345947265625
-2,3345947265625
-2,3193359375
-2,3345947265625
-2,3193359375
-2,3193359375
-2,3193359375
-2,3193359375
-2,227783203125
-2,227783203125
-2,227783203125
-2,227783203125
-2,227783203125
-2,197265625
-2,197265625
-2,166748046875
-2,105712890625
-2,13623046875
-2,13623046875
-2,105712890625
-2,0751953125
-2,0751953125
-2,01416015625
-2,01416015625
-1,983642578125
-1,953125
-1,953125
-1,922607421875
-1,861572265625
-1,8310546875
-1,8310546875
-1,7547607421875
-1,7547607421875
-1,7242431640625
-1,6632080078125
-1,6326904296875
-1,6021728515625
-1,5716552734375
-1,5411376953125
-1,5106201171875
-1,4495849609375
-1,40380859375
-1,40380859375
-1,3275146484375
-1,2969970703125
-1,2664794921875
-1,2359619140625
-1,190185546875
-1,129150390625
-1,068115234375
-1,0223388671875
-0,9918212890625
-0,9307861328125
-0,9002685546875
-0,8697509765625
-0,823974609375
-0,762939453125
-0,701904296875
-0,67138671875
-0,640869140625
-0,5645751953125
-0,5340576171875
-0,48828125
-0,4119873046875
-0,3814697265625
-0,3509521484375
-0,30517578125
-0,244140625
-0,213623046875
-0,1373291015625
-0,091552734375
-0,0457763671875
0,0152587890625
0,0457763671875
0,12969970703125
0,16021728515625
0,22125244140625
0,2593994140625
0,31280517578125
0,3662109375
0,41961669921875
0,46539306640625
0,52642822265625
0,579833984375
0,6256103515625
0,67138671875
0,7171630859375
0,77056884765625
0,823974609375
0,87738037109375
0,92315673828125
0,972747802734375
1,018524169921875
1,071929931640625
1,117706298828125
1,171112060546875
1,2187957763671875
1,262664794921875
1,3103485107421875
1,3580322265625
1,4030933380126953
1,448988914489746
1,4944076538085938
1,5392303466796875
1,583099365234375
1,628875732421875
1,67083740234375
1,7108917236328125
1,758575439453125
1,796722412109375
1,83868408203125
1,880645751953125
1,91497802734375
1,956939697265625
2,00653076171875
2,0294189453125
2,06756591796875
2,1209716796875
2,12860107421875
2,17437744140625
2,20489501953125
2,2430419921875
2,2735595703125
2,3040771484375
2,3345947265625
2,3651123046875
2,38800048828125
2,41851806640625
2,4566650390625
2,471923828125
2,4871826171875
2,5177001953125
2,5634765625
2,5787353515625
2,6092529296875
2,5787353515625
2,62451171875
2,655029296875
2,655029296875
2,685546875
2,7008056640625
2,716064453125
2,7313232421875
2,74658203125
2,7618408203125
2,777099609375
2,74658203125
2,7618408203125
2,7923583984375
2,7923583984375
2,7923583984375
2,8076171875
2,8076171875
2,8228759765625
2,8228759765625
2,7923583984375
2,8076171875
2,777099609375
2,8076171875
2,7923583984375
2,777099609375
2,7923583984375
2,74658203125
2,7618408203125
2,7618408203125
2,716064453125
2,7313232421875
2,685546875
2,685546875
2,7008056640625
2,6702880859375
2,6397705078125
2,62451171875
2,593994140625
2,593994140625
2,5634765625
2,532958984375
2,5634765625
2,50244140625
2,44140625
2,471923828125
2,410888671875
2,349853515625
2,288818359375
2,288818359375
2,288818359375
2,25830078125
2,227783203125
2,166748046875
2,166748046875
2,105712890625
2,105712890625
2,044677734375
1,983642578125
1,953125
1,922607421875
1,861572265625
1,8310546875
1,800537109375
1,7547607421875
1,6937255859375
1,6632080078125
1,6021728515625
1,5716552734375
1,495361328125
1,4495849609375
1,3885498046875
1,3427734375
1,28173828125
1,251220703125
1,2054443359375
1,1749267578125
1,1138916015625
1,03759765625
0,9765625
0,946044921875
0,885009765625
0,8392333984375
0,7781982421875
0,7171630859375
0,6561279296875
0,5950927734375
0,54931640625
0,5035400390625
0,4119873046875
0,3662109375
0,30517578125
0,274658203125
0,213623046875
0,1373291015625
0,0762939453125
0,0152587890625
-0,030517578125
-0,1068115234375
-0,152587890625
-0,2288818359375
-0,2899169921875
-0,335693359375
-0,42724609375
-0,457763671875
-0,518798828125
-0,579833984375
-0,640869140625
-0,6866455078125
-0,7476806640625
-0,8087158203125
-0,8697509765625
-0,92315673828125
-0,98419189453125
-1,04522705078125
-1,10626220703125
-1,15966796875
-1,21307373046875
-1,27410888671875
-1,33514404296875
-1,384735107421875
-1,438140869140625
-1,491546630859375
-1,544952392578125
-1,598358154296875
-1,65557861328125
-1,7032623291015625
-1,7566680908203125
-1,8062591552734375
-1,8596649169921875
-1,9083023071289062
-1,9578933715820312
-2,0062923431396484
-2,053976058959961
-2,101421356201172
-2,1486282348632812
-2,1953582763671875
-2,2373199462890625
-2,2830963134765625
-2,32696533203125
-2,361297607421875
-2,410888671875
-2,44903564453125
-2,49481201171875
-2,532958984375
-2,567291259765625
-2,593994140625
-2,6397705078125
-2,67791748046875
-2,70843505859375
-2,74658203125
-2,777099609375
-2,8076171875
-2,84576416015625
-2,86865234375
-2,8839111328125
-2,92205810546875
-2,93731689453125
-2,96783447265625
-3,0059814453125
-3,0059814453125
-3,0517578125
-3,0670166015625
-3,0517578125
-3,0975341796875
-3,11279296875
-3,1280517578125
-3,1585693359375
-3,1585693359375
-3,1585693359375
-3,173828125
-3,1585693359375
-3,1890869140625
-3,204345703125
-3,204345703125
-3,2196044921875
-3,23486328125
-3,2196044921875
-3,204345703125
-3,1890869140625
-3,2196044921875
-3,1890869140625
-3,204345703125
-3,204345703125
-3,1890869140625
-3,1890869140625
-3,173828125
-3,1585693359375
-3,143310546875
-3,1280517578125
-3,11279296875
-3,0975341796875
-3,0975341796875
-3,0670166015625
-3,0670166015625
-3,0364990234375
-3,021240234375
-2,9754638671875
-2,960205078125
-2,9449462890625
-2,899169921875
-2,8839111328125
-2,86865234375
-2,8076171875
-2,8076171875
-2,777099609375
-2,716064453125
-2,685546875
-2,62451171875
-2,62451171875
-2,593994140625
-2,593994140625
-2,5634765625
-2,471923828125
-2,410888671875
-2,38037109375
-2,3193359375
-2,3193359375
-2,25830078125
-2,197265625
-2,13623046875
-2,0751953125
-2,044677734375
-2,0751953125
-1,922607421875
-1,89208984375
-1,861572265625
-1,8310546875
-1,708984375
-1,678466796875
-1,6326904296875
-1,5869140625
-1,5106201171875
-1,4801025390625
-1,3885498046875
-1,3427734375
-1,28173828125
-1,220703125
-1,1749267578125
-1,1138916015625
-1,0223388671875
-0,9613037109375
-0,91552734375
-0,8697509765625
-0,79345703125
-0,7476806640625
-0,67138671875
-0,6103515625
-0,518798828125
-0,457763671875
-0,3814697265625
-0,3204345703125
-0,2593994140625
-0,1983642578125
-0,1373291015625
-0,0457763671875
0,0
0,0762939453125
0,152587890625
0,213623046875
0,2899169921875
0,3662109375
0,4425048828125
0,4730224609375
0,5340576171875
0,6103515625
0,67138671875
0,7476806640625
0,79345703125
0,8697509765625
0,946044921875
1,0223388671875
1,0986328125
1,12152099609375
1,190185546875
1,27410888671875
1,31988525390625
1,3885498046875
1,45721435546875
1,51824951171875
1,59454345703125
1,6326904296875
1,6937255859375
1,76239013671875
1,8157958984375
1,86920166015625
1,93023681640625
1,99127197265625
2,048492431640625
2,105712890625
2,155303955078125
2,22015380859375
2,26593017578125
2,3193359375
2,3746490478515625
2,422332763671875
2,4747848510742188
2,52532958984375
2,5725364685058594
2,620697021484375
2,666950225830078
2,7141571044921875
2,7589797973632812
2,8018951416015625
2,8438568115234375
2,8858184814453125
2,9296875
2,964019775390625
3,002166748046875
3,040313720703125
3,07464599609375
3,11279296875
3,139495849609375
3,18145751953125
3,204345703125
3,23486328125
3,265380859375
3,2958984375
3,326416015625
3,34930419921875
3,3721923828125
3,387451171875
3,41033935546875
3,44085693359375
3,4637451171875
3,47900390625
3,4942626953125
3,5400390625
3,5247802734375
3,5400390625
3,5552978515625
3,5247802734375
3,5552978515625
3,570556640625
3,570556640625
3,60107421875
3,5858154296875
3,5858154296875
3,570556640625
3,570556640625
3,5858154296875
3,5858154296875
3,5858154296875
3,5552978515625
3,5400390625
3,5247802734375
3,4942626953125
3,4942626953125
3,47900390625
3,4637451171875
3,4637451171875
3,4332275390625
3,4332275390625
3,4027099609375
3,3721923828125
3,35693359375
3,3111572265625
3,326416015625
3,265380859375
3,2501220703125
3,2196044921875
3,1890869140625
3,1585693359375
3,1585693359375
3,0975341796875
3,021240234375
3,021240234375
2,960205078125
2,9449462890625
2,8839111328125
2,838134765625
2,8076171875
2,8076171875
2,716064453125
2,685546875
2,62451171875
2,593994140625
2,50244140625
2,471923828125
2,44140625
2,38037109375
2,288818359375
2,288818359375
2,197265625
2,166748046875
2,0751953125
2,044677734375
1,953125
1,922607421875
1,861572265625
1,739501953125
1,708984375
1,708984375
1,617431640625
1,52587890625
1,46484375
1,40380859375
1,3427734375
1,2664794921875
1,2054443359375
1,1444091796875
1,0528564453125
0,9918212890625
0,885009765625
0,8544921875
0,762939453125
0,6866455078125
0,6103515625
0,5645751953125
0,518798828125
0,42724609375
0,335693359375
0,2899169921875
0,1983642578125
0,1373291015625
0,06103515625
0,0
-0,0762939453125
-0,152587890625
-0,2288818359375
-0,3204345703125
-0,396728515625
-0,457763671875
-0,5340576171875
-0,6256103515625
-0,67138671875
-0,7781982421875
-0,823974609375
-0,885009765625
-0,9613037109375
-1,068115234375
-1,1138916015625
-1,220703125
-1,2664794921875
-1,3427734375
-1,40380859375
-1,46484375
-1,556396484375
-1,617431640625
-1,67083740234375
-1,739501953125
-1,80816650390625
-1,8768310546875
-1,93023681640625
-2,00653076171875
-2,06756591796875
-2,14385986328125
-2,18963623046875
-2,25830078125
-2,32696533203125
-2,3651123046875
-2,44140625
-2,4871826171875
-2,5482177734375
-2,6092529296875
-2,66265869140625
-2,719879150390625
-2,773284912109375
-2,8228759765625
-2,872467041015625
-2,9239654541015625
-2,9754638671875
-3,021240234375
-3,0689239501953125
-3,1147003173828125
-3,159761428833008
-3,203153610229492
-3,245830535888672
-3,2873153686523438
-3,326416015625
-3,3626556396484375
-3,4008026123046875
-3,4389495849609375
-3,475189208984375
-3,505706787109375
-3,536224365234375
-3,566741943359375
-3,59344482421875
-3,62396240234375
-3,6468505859375
-3,68499755859375
-3,70025634765625
-3,73077392578125
-3,74603271484375
-3,76129150390625
-3,77655029296875
-3,7994384765625
-3,814697265625
-3,8299560546875
-3,84521484375
-3,85284423828125
-3,86810302734375
-3,86810302734375
-3,875732421875
-3,8909912109375
-3,875732421875
-3,8909912109375
-3,8909912109375
-3,875732421875
-3,8909912109375
-3,8604736328125
-3,875732421875
-3,8604736328125
-3,875732421875
-3,814697265625
-3,8604736328125
-3,814697265625
-3,814697265625
-3,7689208984375
-3,7689208984375
-3,753662109375
-3,7384033203125
-3,7078857421875
-3,692626953125
-3,6773681640625
-3,6468505859375
-3,5858154296875
-3,5858154296875
-3,5247802734375
-3,5247802734375
-3,47900390625
-3,47900390625
-3,387451171875
-3,3721923828125
-3,326416015625
-3,2958984375
-3,2501220703125
-3,204345703125
-3,1585693359375
-3,1280517578125
-3,082275390625
-3,0364990234375
-2,99072265625
-2,9296875
-2,86865234375
-2,838134765625
-2,777099609375
-2,716064453125
-2,655029296875
-2,62451171875
-2,5634765625
-2,471923828125
-2,44140625
-2,38037109375
-2,25830078125
-2,227783203125
-2,13623046875
-2,105712890625
-2,044677734375
-1,983642578125
-1,953125
-1,8310546875
-1,739501953125
-1,708984375
-1,64794921875
-1,5869140625
-1,495361328125
-1,434326171875
-1,3427734375
-1,220703125
-1,190185546875
-1,0986328125
-1,03759765625
-0,9765625
-0,9002685546875
-0,79345703125
-0,7476806640625
-0,6561279296875
-0,5950927734375
-0,5340576171875
-0,4425048828125
-0,3662109375
-0,2899169921875
-0,1678466796875
-0,1220703125
-0,030517578125
0,06103515625
0,1068115234375
0,213623046875
0,2593994140625
0,335693359375
0,42724609375
0,518798828125
0,5950927734375
0,67138671875
0,7476806640625
0,823974609375
0,9307861328125
0,9765625
1,068115234375
1,1444091796875
1,220703125
1,2969970703125
1,3885498046875
1,4495849609375
1,5106201171875
1,6021728515625
1,678466796875
1,7547607421875
1,8310546875
1,89208984375
1,9683837890625
2,01416015625
2,0904541015625
2,166748046875
2,227783203125
2,3040771484375
2,3651123046875
2,4261474609375
2,49481201171875
2,55584716796875
2,61688232421875
2,67791748046875
2,7313232421875
2,79998779296875
2,8533935546875
2,9296875
2,98309326171875
3,02886962890625
3,07464599609375
3,13568115234375
3,1890869140625
3,24249267578125
3,28826904296875
3,33404541015625
3,383636474609375
3,4313201904296875
3,4770965576171875
3,520965576171875
3,5572052001953125
3,6001205444335938
3,638744354248047
3,6766529083251953
3,7131309509277344
3,7474632263183594
3,7813186645507812
3,810882568359375
3,8471221923828125
3,8738250732421875
3,89862060546875
3,9215087890625
3,9520263671875
3,971099853515625
3,997802734375
4,02069091796875
4,03594970703125
4,0435791015625
4,06646728515625
4,06646728515625
4,08935546875
4,1046142578125
4,119873046875
4,11224365234375
4,12750244140625
4,12750244140625
4,1351318359375
4,12750244140625
4,12750244140625
4,12750244140625
4,14276123046875
4,1046142578125
4,119873046875
4,1046142578125
4,08935546875
4,08935546875
4,0740966796875
4,0435791015625
4,0283203125
4,0130615234375
4,0130615234375
3,9825439453125
3,96728515625
3,936767578125
3,9215087890625
3,9215087890625
3,84521484375
3,814697265625
3,7841796875
3,7689208984375
3,72314453125
3,6468505859375
3,6468505859375
3,60107421875
3,570556640625
3,5400390625
3,47900390625
3,448486328125
3,4027099609375
3,35693359375
3,2806396484375
3,2501220703125
3,204345703125
3,1280517578125
3,082275390625
3,0364990234375
2,9754638671875
2,9144287109375
2,86865234375
2,8076171875
2,716064453125
2,685546875
2,62451171875
2,5482177734375
2,4871826171875
2,44140625
2,349853515625
2,25830078125
2,227783203125
2,13623046875
2,044677734375
1,983642578125
1,922607421875
1,800537109375
1,800537109375
1,708984375
1,64794921875
1,52587890625
1,495361328125
1,434326171875
1,3427734375
1,28173828125
1,129150390625
1,068115234375
1,03759765625
0,885009765625
0,823974609375
0,762939453125
0,67138671875
0,6103515625
0,518798828125
0,4425048828125
0,3662109375
0,274658203125
0,18310546875
0,091552734375
0,0457763671875
-0,06103515625
-0,1678466796875
-0,244140625
-0,30517578125
-0,396728515625
-0,48828125
-0,54931640625
-0,640869140625
-0,732421875
-0,8087158203125
-0,8697509765625
-0,9613037109375
-1,0528564453125
-1,129150390625
-1,2054443359375
-1,2969970703125
-1,373291015625
-1,4801025390625
-1,52587890625
-1,6021728515625
-1,678466796875
-1,7547607421875
-1,8310546875
-1,922607421875
-1,983642578125
-2,0294189453125
-2,1514892578125
-2,197265625
-2,25830078125
-2,3651123046875
-2,410888671875
-2,50244140625
-2,5634765625
-2,6092529296875
-2,7008056640625
-2,74658203125
-2,8076171875
-2,89154052734375
-2,9449462890625
-3,01361083984375
-3,07464599609375
-3,12042236328125
-3,18145751953125
-3,23486328125
-3,28826904296875
-3,34930419921875
-3,41033935546875
-3,448486328125
-3,50189208984375
-3,56292724609375
-3,60107421875
-3,650665283203125
-3,696441650390625
-3,734588623046875
-3,787994384765625
-3,814697265625
-3,856658935546875
-3,894805908203125
-3,9310455322265625
-3,96728515625
-3,9968490600585938
-4,027366638183594
-4,058361053466797
-4,086136817932129
-4,113197326660156
-4,137992858886719
-4,161834716796875
-4,1866302490234375
-4,2057037353515625
-4,2247772216796875
-4,238128662109375
-4,253387451171875
-4,268646240234375
-4,28009033203125
-4,283905029296875
-4,302978515625
-4,306793212890625
-4,31060791015625
-4,32586669921875
-4,3182373046875
-4,302978515625
-4,31060791015625
-4,31060791015625
-4,31060791015625
-4,3182373046875
-4,29534912109375
-4,2877197265625
-4,26483154296875
-4,2724609375
-4,24957275390625
-4,2266845703125
-4,2266845703125
-4,21142578125
-4,180908203125
-4,150390625
-4,1351318359375
-4,1046142578125
-4,0740966796875
-4,0130615234375
-3,997802734375
-3,997802734375
-3,9215087890625
-3,9215087890625
-3,8604736328125
-3,8604736328125
-3,7994384765625
-3,753662109375
-3,7078857421875
-3,692626953125
-3,631591796875
-3,570556640625
-3,509521484375
-3,47900390625
-3,41796875
-3,3721923828125
-3,3111572265625
-3,2501220703125
-3,2196044921875
-3,143310546875
-3,0670166015625
-3,0517578125
-2,9754638671875
-2,9144287109375
-2,8228759765625
-2,777099609375
-2,716064453125
-2,62451171875
-2,5787353515625
-2,50244140625
-2,44140625
-2,38037109375
-2,2735595703125
-2,2125244140625
-2,13623046875
-2,044677734375
-1,983642578125
-1,953125
-1,800537109375
-1,77001953125
-1,678466796875
-1,556396484375
-1,495361328125
-1,434326171875
-1,373291015625
-1,312255859375
-1,190185546875
-1,15966796875
-1,03759765625
-0,9765625
-0,8544921875
-0,762939453125
-0,701904296875
-0,6103515625
-0,518798828125
-0,42724609375
-0,3662109375
-0,244140625
-0,152587890625
-0,06103515625
0,030517578125
0,0762939453125
0,152587890625
0,274658203125
0,3204345703125
0,4119873046875
0,5035400390625
0,6103515625
0,67138671875
0,762939453125
0,8544921875
0,91552734375
1,007080078125
1,0986328125
1,2054443359375
1,2664794921875
1,3580322265625
1,4495849609375
1,5411376953125
1,6021728515625
1,678466796875
1,7547607421875
1,8157958984375
1,9378662109375
1,9989013671875
2,0599365234375
2,166748046875
2,227783203125
2,288818359375
2,38037109375
2,4566650390625
2,4871826171875
2,593994140625
2,6397705078125
2,7313232421875
2,7923583984375
2,8533935546875
2,899169921875
3,0059814453125
3,0517578125
3,11279296875
3,173828125
3,2501220703125
3,2958984375
3,35693359375
3,41033935546875
3,47137451171875
3,51715087890625
3,570556640625
3,62396240234375
3,68499755859375
3,71551513671875
3,7689208984375
3,80706787109375
3,85284423828125
3,89862060546875
3,94439697265625
3,97491455078125
4,0130615234375
4,047393798828125
4,085540771484375
4,116058349609375
4,150390625
4,180908203125
4,21142578125
4,23431396484375
4,261016845703125
4,2819976806640625
4,3048858642578125
4,32586669921875
4,343509674072266
4,360079765319824
4,374980926513672
4,3888092041015625
4,398345947265625
4,4097900390625
4,421234130859375
4,4231414794921875
4,428863525390625
4,428863525390625
4,436492919921875
4,436492919921875
4,428863525390625
4,425048828125
4,425048828125
4,41741943359375
4,4097900390625
4,38690185546875
4,38690185546875
4,37164306640625
4,3487548828125
4,33349609375
4,3182373046875
4,29534912109375
4,2877197265625
4,24957275390625
4,21905517578125
4,1961669921875
4,150390625
4,119873046875
4,0740966796875
4,0740966796875
4,0435791015625
4,0130615234375
3,9520263671875
3,936767578125
3,875732421875
3,8299560546875
3,7994384765625
3,72314453125
3,7078857421875
3,662109375
3,60107421875
3,5400390625
3,509521484375
3,448486328125
3,3721923828125
3,326416015625
3,2806396484375
3,204345703125
3,1585693359375
3,0670166015625
3,0364990234375
2,9449462890625
2,899169921875
2,8228759765625
2,7618408203125
2,716064453125
2,6092529296875
2,5482177734375
2,471923828125
2,3956298828125
2,3193359375
2,227783203125
2,197265625
2,1209716796875
1,9989013671875
1,9378662109375
1,861572265625
1,800537109375
1,708984375
1,617431640625
1,556396484375
1,495361328125
1,40380859375
1,312255859375
1,190185546875
1,0986328125
1,007080078125
0,946044921875
0,823974609375
0,762939453125
0,701904296875
0,579833984375
0,48828125
0,42724609375
0,30517578125
0,30517578125
0,18310546875
0,1220703125
0,030517578125
-0,091552734375
-0,152587890625
-0,274658203125
-0,3662109375
-0,518798828125
-0,518798828125
-0,5950927734375
-0,7171630859375
-0,8087158203125
-0,8697509765625
-0,9613037109375
-1,0528564453125
-1,129150390625
-1,220703125
-1,2969970703125
-1,3885498046875
-1,4801025390625
-1,5716552734375
-1,64794921875
-1,6937255859375
-1,800537109375
-1,8768310546875
-1,9683837890625
-2,044677734375
-2,105712890625
-2,197265625
-2,2735595703125
-2,349853515625
-2,410888671875
-2,471923828125
-2,5634765625
-2,6397705078125
-2,685546875
-2,777099609375
-2,838134765625
-2,9144287109375
-2,960205078125
-3,0364990234375
-3,1280517578125
-3,173828125
-3,2196044921875
-3,2958984375
-3,35693359375
-3,41796875
-3,4637451171875
-3,5400390625
-3,570556640625
-3,631591796875
-3,692626953125
-3,7384033203125
-3,7841796875
-3,82232666015625
-3,86810302734375
-3,9215087890625
-3,9520263671875
-3,99017333984375
-4,0435791015625
-4,0740966796875
-4,119873046875
-4,14276123046875
-4,180908203125
-4,20379638671875
-4,2266845703125
-4,2572021484375
-4,291534423828125
-4,314422607421875
-4,34112548828125
-4,360198974609375
-4,375457763671875
-4,39453125
-4,4116973876953125
-4,428863525390625
-4,4422149658203125
-4,451751708984375
-4,4612884521484375
-4,468441009521484
-4,474401473999023
-4,478693008422852
-4,481315612792969
-4,481315612792969
-4,482269287109375
-4,474639892578125
-4,4708251953125
-4,4708251953125
-4,459381103515625
-4,44793701171875
-4,436492919921875
-4,425048828125
-4,413604736328125
-4,390716552734375
-4,37164306640625
-4,35638427734375
-4,34112548828125
-4,302978515625
-4,28009033203125
-4,2572021484375
-4,2266845703125
-4,18853759765625
-4,180908203125
-4,14276123046875
-4,11224365234375
-4,06646728515625
-4,0283203125
-3,99017333984375
-3,936767578125
-3,90625
-3,84521484375
-3,814697265625
-3,7841796875
-3,7384033203125
-3,6773681640625
-3,60107421875
-3,570556640625
-3,509521484375
-3,4637451171875
-3,4027099609375
-3,3416748046875
-3,2501220703125
-3,2196044921875
-3,143310546875
-3,0975341796875
-3,0364990234375
-2,9754638671875
-2,899169921875
-2,8228759765625
-2,7618408203125
-2,685546875
-2,6092529296875
-2,5482177734375
-2,4871826171875
-2,38037109375
-2,3345947265625
-2,25830078125
-2,1514892578125
-2,1209716796875
-2,0294189453125
-1,922607421875
-1,8463134765625
-1,77001953125
-1,6937255859375
-1,6021728515625
-1,5411376953125
-1,434326171875
-1,3580322265625
-1,2664794921875
-1,190185546875
-1,1138916015625
-1,0223388671875
-0,946044921875
-0,8544921875
-0,732421875
-0,640869140625
-0,54931640625
-0,48828125
-0,42724609375
-0,335693359375
-0,30517578125
-0,18310546875
-0,091552734375
0,0
0,091552734375
0,152587890625
0,244140625
0,335693359375
0,48828125
0,579833984375
0,640869140625
0,762939453125
0,8544921875
0,91552734375
1,007080078125
1,068115234375
1,15966796875
1,2359619140625
1,3275146484375
1,3885498046875
1,495361328125
1,5716552734375
1,6632080078125
1,708984375
1,8310546875
1,89208984375
1,983642578125
2,044677734375
2,1514892578125
2,227783203125
2,25830078125
2,349853515625
2,44140625
2,50244140625
2,5787353515625
2,6397705078125
2,716064453125
2,8076171875
2,838134765625
2,9296875
2,99072265625
3,0364990234375
3,11279296875
3,173828125
3,2196044921875
3,2958984375
3,35693359375
3,41796875
3,47900390625
3,509521484375
3,570556640625
3,631591796875
3,6773681640625
3,72314453125
3,7689208984375
3,814697265625
3,875732421875
3,90625
3,9520263671875
3,9825439453125
4,0283203125
4,06646728515625
4,11224365234375
4,12750244140625
4,15802001953125
4,1961669921875
4,2266845703125
4,24957275390625
4,2877197265625
4,29534912109375
4,3182373046875
4,3487548828125
4,37164306640625
4,38690185546875
4,40216064453125
4,413604736328125
4,425048828125
4,428863525390625
4,4403076171875
4,451751708984375
4,45556640625
4,4536590576171875
4,459381103515625
4,4574737548828125
4,458427429199219
4,45556640625
4,449367523193359
4,442334175109863
4,433631896972656
4,424095153808594
4,4116973876953125
4,398345947265625
4,383087158203125
4,364013671875
4,344940185546875
4,32586669921875
4,302978515625
4,276275634765625
4,2572021484375
4,222869873046875
4,192352294921875
4,17327880859375
4,12750244140625
4,09698486328125
4,058837890625
4,0283203125
3,99017333984375
3,95965576171875
3,9215087890625
3,86810302734375
3,8299560546875
3,7841796875
3,7384033203125
3,6773681640625
3,631591796875
3,5858154296875
3,5247802734375
3,47900390625
3,41796875
3,3721923828125
3,3111572265625
3,2501220703125
3,1890869140625
3,1280517578125
3,0670166015625
2,99072265625
2,9144287109375
2,86865234375
2,7618408203125
2,7313232421875
2,6702880859375
2,5634765625
2,5177001953125
2,4261474609375
2,349853515625
2,288818359375
2,227783203125
2,1514892578125
2,044677734375
1,983642578125
1,9073486328125
1,8310546875
1,7242431640625
1,6632080078125
1,5869140625
1,5106201171875
1,434326171875
1,3427734375
1,2664794921875
1,1749267578125
1,0833740234375
1,0223388671875
0,91552734375
0,823974609375
0,7476806640625
0,6561279296875
0,5645751953125
0,5035400390625
0,335693359375
0,30517578125
0,213623046875
0,152587890625
0,030517578125
-0,030517578125
-0,1220703125
-0,213623046875
-0,30517578125
-0,3662109375
-0,457763671875
-0,6103515625
-0,640869140625
-0,732421875
-0,823974609375
-0,885009765625
-1,007080078125
-1,03759765625
-1,0986328125
-1,220703125
-1,251220703125
-1,373291015625
-1,52587890625
-1,5869140625
-1,678466796875
-1,77001953125
-1,7852783203125
-1,8768310546875
-1,9378662109375
-2,044677734375
-2,1209716796875
-2,1820068359375
-2,288818359375
-2,3345947265625
-2,410888671875
-2,471923828125
-2,5177001953125
-2,6092529296875
-2,7008056640625
-2,7618408203125
-2,8228759765625
-2,8839111328125
-2,9449462890625
-3,021240234375
-3,082275390625
-3,1585693359375
-3,204345703125
-3,2501220703125
-3,2958984375
-3,3721923828125
-3,41796875
-3,47900390625
-3,509521484375
-3,570556640625
-3,6163330078125
-3,662109375
-3,7384033203125
-3,753662109375
-3,7994384765625
-3,84521484375
-3,90625
-3,9215087890625
-3,9825439453125
-4,0130615234375
-4,0435791015625
-4,0740966796875
-4,08935546875
-4,119873046875
-4,1656494140625
-4,180908203125
-4,21142578125
-4,21905517578125
-4,24957275390625
-4,26483154296875
-4,28009033203125
-4,29534912109375
-4,3182373046875
-4,32586669921875
-4,34112548828125
-4,3487548828125
-4,35638427734375
-4,364013671875
-4,364013671875
-4,367828369140625
-4,367828369140625
-4,367828369140625
-4,37164306640625
-4,360198974609375
-4,35638427734375
-4,3487548828125
-4,3392181396484375
-4,329681396484375
-4,3163299560546875
-4,3010711669921875
-4,286766052246094
-4,268169403076172
-4,248857498168945
-4,228115081787109
-4,2057037353515625
-4,181861877441406
-4,1599273681640625
-4,131317138671875
-4,100799560546875
-4,070281982421875
-4,039764404296875
-4,009246826171875
-3,971099853515625
-3,932952880859375
-3,8909912109375
-3,85284423828125
-3,80706787109375
-3,77655029296875
-3,72314453125
-3,68499755859375
-3,631591796875
-3,5858154296875
-3,5400390625
-3,47900390625
-3,44085693359375
-3,3721923828125
-3,326416015625
-3,27301025390625
-3,21197509765625
-3,143310546875
-3,0975341796875
-3,0364990234375
-2,9754638671875
-2,8839111328125
-2,838134765625
-2,7923583984375
-2,716064453125
-2,655029296875
-2,5787353515625
-2,5177001953125
-2,4261474609375
-2,349853515625
-2,3193359375
-2,227783203125
-2,13623046875
-2,0751953125
-2,01416015625
-1,9378662109375
-1,8463134765625
-1,7547607421875
-1,678466796875
-1,6021728515625
-1,52587890625
-1,4495849609375
-1,373291015625
-1,2969970703125
-1,2054443359375
-1,129150390625
-1,03759765625
-0,9613037109375
-0,8697509765625
-0,79345703125
-0,7171630859375
-0,640869140625
-0,54931640625
-0,4425048828125
-0,396728515625
-0,30517578125
-0,213623046875
-0,1220703125
-0,0457763671875
0,0457763671875
0,1220703125
0,213623046875
0,274658203125
0,3662109375
0,518798828125
0,518798828125
0,640869140625
0,67138671875
0,79345703125
0,8544921875
0,9765625
1,007080078125
1,190185546875
1,251220703125
1,312255859375
1,373291015625
1,434326171875
1,556396484375
1,5869140625
1,678466796875
1,739501953125
1,861572265625
1,953125
2,01416015625
2,01416015625
2,105712890625
2,197265625
2,2735595703125
2,3345947265625
2,410888671875
2,4871826171875
2,532958984375
2,6092529296875
2,7008056640625
2,74658203125
2,8076171875
2,86865234375
2,9296875
2,99072265625
3,0364990234375
3,0975341796875
3,1585693359375
3,1890869140625
3,2806396484375
3,2958984375
3,387451171875
3,4027099609375
3,47900390625
3,4942626953125
3,5552978515625
3,60107421875
3,6468505859375
3,662109375
3,7384033203125
3,753662109375
3,814697265625
3,8299560546875
3,8604736328125
3,9215087890625
3,9215087890625
3,96728515625
3,997802734375
3,997802734375
4,0283203125
4,058837890625
4,0740966796875
4,1046142578125
4,1046142578125
4,1351318359375
4,150390625
4,1656494140625
4,17327880859375
4,18853759765625
4,1961669921875
4,20379638671875
4,21142578125
4,21142578125
4,20379638671875
4,21142578125
4,21142578125
4,20379638671875
4,20379638671875
4,1961669921875
4,18853759765625
4,177093505859375
4,169464111328125
4,154205322265625
4,138946533203125
4,123687744140625
4,108428955078125
4,0874481201171875
4,06646728515625
4,0416717529296875
4,0187835693359375
3,993988037109375
3,9663314819335938
3,9381980895996094
3,908395767211914
3,8771629333496094
3,8442611694335938
3,8089752197265625
3,7746429443359375
3,734588623046875
3,70025634765625
3,662109375
3,6163330078125
3,574371337890625
3,53240966796875
3,48663330078125
3,44085693359375
3,387451171875
3,33404541015625
3,2958984375
3,23486328125
3,18145751953125
3,1280517578125
3,0670166015625
3,021240234375
2,960205078125
2,8839111328125
2,83050537109375
2,78472900390625
2,72369384765625
2,64739990234375
2,6092529296875
2,5177001953125
2,4566650390625
2,3956298828125
2,3345947265625
2,25830078125
2,197265625
2,105712890625
2,044677734375
1,9683837890625
1,9073486328125
1,8463134765625
1,739501953125
1,6632080078125
1,617431640625
1,5411376953125
1,434326171875
1,3580322265625
1,2969970703125
1,2054443359375
1,15966796875
1,068115234375
0,9765625
0,91552734375
0,8392333984375
0,7476806640625
0,67138671875
0,579833984375
0,5035400390625
0,457763671875
0,3662109375
0,2593994140625
0,1678466796875
0,091552734375
0,030517578125
-0,06103515625
-0,1373291015625
-0,213623046875
-0,2899169921875
-0,3662109375
-0,457763671875
-0,54931640625
-0,6256103515625
-0,701904296875
-0,79345703125
-0,823974609375
-0,946044921875
-1,007080078125
-1,068115234375
-1,15966796875
-1,220703125
-1,312255859375
-1,434326171875
-1,52587890625
-1,52587890625
-1,617431640625
-1,678466796875
-1,77001953125
-1,8310546875
-1,89208984375
-2,01416015625
-2,105712890625
-2,105712890625
-2,13623046875
-2,25830078125
-2,3193359375
-2,410888671875
-2,471923828125
-2,50244140625
-2,5634765625
-2,62451171875
-2,7008056640625
-2,74658203125
-2,7923583984375
-2,8533935546875
-2,9144287109375
-2,9449462890625
-3,0059814453125
-3,0517578125
-3,11279296875
-3,1585693359375
-3,2196044921875
-3,2501220703125
-3,2958984375
-3,35693359375
-3,387451171875
-3,4332275390625
-3,47900390625
-3,4942626953125
-3,509521484375
-3,570556640625
-3,60107421875
-3,6468505859375
-3,662109375
-3,7078857421875
-3,72314453125
-3,7689208984375
-3,753662109375
-3,814697265625
-3,84521484375
-3,8604736328125
-3,8604736328125
-3,90625
-3,9215087890625
-3,90625
-3,936767578125
-3,9215087890625
-3,9825439453125
-3,9520263671875
-3,9520263671875
-3,96728515625
-3,96728515625
-3,9825439453125
-3,9825439453125
-3,9825439453125
-3,99017333984375
-3,9825439453125
-3,97491455078125
-3,95965576171875
-3,95965576171875
-3,9520263671875
-3,92913818359375
-3,9215087890625
-3,91387939453125
-3,89862060546875
-3,875732421875
-3,8604736328125
-3,841400146484375
-3,818511962890625
-3,79180908203125
-3,765106201171875
-3,742218017578125
-3,719329833984375
-3,68499755859375
-3,6563873291015625
-3,62396240234375
-3,5905838012695312
-3,5572052001953125
-3,5195350646972656
-3,4828782081604004
-3,444671630859375
-3,4046173095703125
-3,3636093139648438
-3,31878662109375
-3,276824951171875
-3,2329559326171875
-3,18145751953125
-3,131866455078125
-3,08990478515625
-3,04412841796875
-2,994537353515625
-2,933502197265625
-2,880096435546875
-2,838134765625
-2,76947021484375
-2,72369384765625
-2,66265869140625
-2,6092529296875
-2,5482177734375
-2,4871826171875
-2,41851806640625
-2,35748291015625
-2,3040771484375
-2,23541259765625
-2,166748046875
-2,11334228515625
-2,03704833984375
-1,953125
-1,9073486328125
-1,8463134765625
-1,7852783203125
-1,6937255859375
-1,64794921875
-1,556396484375
-1,495361328125
-1,40380859375
-1,3580322265625
-1,2969970703125
-1,2054443359375
-1,129150390625
-1,0223388671875
-0,9765625
-0,91552734375
-0,8392333984375
-0,7476806640625
-0,701904296875
-0,6256103515625
-0,5340576171875
-0,4730224609375
-0,3814697265625
-0,30517578125
-0,244140625
-0,1678466796875
-0,091552734375
0,0
0,0762939453125
0,152587890625
0,2288818359375
0,30517578125
0,3662109375
0,42724609375
0,5035400390625
0,579833984375
0,67138671875
0,7476806640625
0,8087158203125
0,9002685546875
0,9613037109375
1,03759765625
1,1138916015625
1,15966796875
1,251220703125
1,28173828125
1,434326171875
1,46484375
1,556396484375
1,5869140625
1,64794921875
1,708984375
1,77001953125
1,8310546875
1,922607421875
1,983642578125
2,0751953125
2,0751953125
2,166748046875
2,227783203125
2,288818359375
2,349853515625
2,44140625
2,410888671875
2,50244140625
2,532958984375
2,655029296875
2,655029296875
2,685546875
2,7618408203125
2,838134765625
2,86865234375
2,9144287109375
2,9449462890625
3,0059814453125
3,0364990234375
3,082275390625
3,143310546875
3,173828125
3,173828125
3,23486328125
3,265380859375
3,3111572265625
3,3416748046875
3,3721923828125
3,4027099609375
3,41796875
3,448486328125
3,4942626953125
3,509521484375
3,5400390625
3,5552978515625
3,570556640625
3,5858154296875
3,60107421875
3,6163330078125
3,631591796875
3,6468505859375
3,6468505859375
3,6773681640625
3,662109375
3,6773681640625
3,692626953125
3,72314453125
3,692626953125
3,72314453125
3,72314453125
3,72314453125
3,692626953125
3,692626953125
3,6773681640625
3,7078857421875
3,662109375
3,65447998046875
3,65447998046875
3,631591796875
3,62396240234375
3,60870361328125
3,57818603515625
3,56292724609375
3,54766845703125
3,53240966796875
3,50189208984375
3,48663330078125
3,448486328125
3,4332275390625
3,406524658203125
3,3721923828125
3,34930419921875
3,3111572265625
3,2806396484375
3,246307373046875
3,215789794921875
3,1757354736328125
3,139495849609375
3,101348876953125
3,0612945556640625
3,0193328857421875
2,9778480529785156
2,9344558715820312
2,8901100158691406
2,8448104858398438
2,7990341186523438
2,750396728515625
2,7027130126953125
2,651214599609375
2,597808837890625
2,552032470703125
2,498626708984375
2,445220947265625
2,391815185546875
2,338409423828125
2,28118896484375
2,22015380859375
2,15911865234375
2,105712890625
2,05230712890625
1,983642578125
1,922607421875
1,86920166015625
1,80816650390625
1,739501953125
1,68609619140625
1,617431640625
1,556396484375
1,48773193359375
1,434326171875
1,373291015625
1,2969970703125
1,220703125
1,1749267578125
1,0833740234375
1,03759765625
0,9765625
0,9002685546875
0,8087158203125
0,732421875
0,6561279296875
0,5950927734375
0,5645751953125
0,4730224609375
0,42724609375
0,335693359375
0,274658203125
0,213623046875
0,1220703125
0,06103515625
0,0
-0,0762939453125
-0,152587890625
-0,213623046875
-0,2899169921875
-0,3509521484375
-0,4119873046875
-0,518798828125
-0,5645751953125
-0,640869140625
-0,701904296875
-0,7781982421875
-0,8392333984375
-0,9002685546875
-0,9765625
-1,0223388671875
-1,0833740234375
-1,15966796875
-1,2359619140625
-1,28173828125
-1,3427734375
-1,4190673828125
-1,4801025390625
-1,495361328125
-1,5869140625
-1,64794921875
-1,678466796875
-1,800537109375
-1,8310546875
-1,922607421875
-1,953125
-2,01416015625
-2,0751953125
-2,105712890625
-2,166748046875
-2,227783203125
-2,25830078125
-2,288818359375
-2,349853515625
-2,410888671875
-2,44140625
-2,471923828125
-2,532958984375
-2,5634765625
-2,655029296875
-2,655029296875
-2,685546875
-2,74658203125
-2,777099609375
-2,8076171875
-2,838134765625
-2,8839111328125
-2,9296875
-2,960205078125
-2,99072265625
-3,021240234375
-3,0517578125
-3,082275390625
-3,082275390625
-3,143310546875
-3,1280517578125
-3,1890869140625
-3,1890869140625
-3,2196044921875
-3,2196044921875
-3,265380859375
-3,265380859375
-3,2806396484375
-3,3111572265625
-3,3111572265625
-3,326416015625
-3,3111572265625
-3,3416748046875
-3,3416748046875
-3,35693359375
-3,3416748046875
-3,3416748046875
-3,35693359375
-3,35693359375
-3,3416748046875
-3,3721923828125
-3,3416748046875
-3,3416748046875
-3,3416748046875
-3,3111572265625
-3,326416015625
-3,2958984375
-3,3111572265625
-3,2958984375
-3,2958984375
-3,2501220703125
-3,23486328125
-3,22723388671875
-3,19671630859375
-3,1890869140625
-3,173828125
-3,15093994140625
-3,12042236328125
-3,08990478515625
-3,05938720703125
-3,04412841796875
-3,01361083984375
-2,99835205078125
-2,960205078125
-2,92205810546875
-2,899169921875
-2,86102294921875
-2,826690673828125
-2,7923583984375
-2,750396728515625
-2,716064453125
-2,674102783203125
-2,6378631591796875
-2,593994140625
-2,5577545166015625
-2,5119781494140625
-2,468109130859375
-2,4232864379882812
-2,3789405822753906
-2,331972122192383
-2,285003662109375
-2,2373199462890625
-2,1877288818359375
-2,1381378173828125
-2,0904541015625
-2,033233642578125
-1,983642578125
-1,9378662109375
-1,880645751953125
-1,8310546875
-1,773834228515625
-1,7242431640625
-1,67083740234375
-1,6021728515625
-1,556396484375
-1,50299072265625
-1,434326171875
-1,373291015625
-1,31988525390625
-1,25885009765625
-1,2054443359375
-1,13677978515625
-1,0833740234375
-1,02996826171875
-0,9613037109375
-0,9002685546875
-0,8392333984375
-0,79345703125
-0,7171630859375
-0,640869140625
-0,5950927734375
-0,518798828125
-0,48828125
-0,42724609375
-0,335693359375
-0,2899169921875
-0,213623046875
-0,152587890625
-0,091552734375
-0,030517578125
0,030517578125
0,091552734375
0,1678466796875
0,2288818359375
0,2899169921875
0,3509521484375
0,3814697265625
0,4730224609375
0,518798828125
0,5950927734375
0,6561279296875
0,701904296875
0,7781982421875
0,823974609375
0,8697509765625
0,946044921875
0,9918212890625
1,03759765625
1,0986328125
1,1749267578125
1,2359619140625
1,2664794921875
1,312255859375
1,373291015625
1,434326171875
1,495361328125
1,5411376953125
1,6021728515625
1,64794921875
1,6937255859375
1,739501953125
1,77001953125
1,8310546875
1,89208984375
1,922607421875
2,01416015625
2,01416015625
2,0751953125
2,0751953125
2,166748046875
2,197265625
2,197265625
2,288818359375
2,3193359375
2,349853515625
2,38037109375
2,38037109375
2,410888671875
2,50244140625
2,532958984375
2,532958984375
2,5634765625
2,593994140625
2,593994140625
2,655029296875
2,685546875
2,7008056640625
2,7313232421875
2,74658203125
2,7618408203125
2,777099609375
2,8076171875
2,8228759765625
2,838134765625
2,838134765625
2,86865234375
2,9144287109375
2,899169921875
2,9296875
2,9144287109375
2,9144287109375
2,9449462890625
2,9449462890625
2,960205078125
2,9754638671875
2,99072265625
2,9449462890625
2,9754638671875
2,9449462890625
2,9754638671875
2,960205078125
2,9449462890625
2,9449462890625
2,9296875
2,9296875
2,9296875
2,899169921875
2,86865234375
2,899169921875
2,86865234375
2,86865234375
2,8533935546875
2,8228759765625
2,8076171875
2,7923583984375
2,7923583984375
2,74658203125
2,716064453125
2,716064453125
2,685546875
2,6702880859375
2,64739990234375
2,60162353515625
2,5787353515625
2,5634765625
2,532958984375
2,49481201171875
2,46429443359375
2,43377685546875
2,40325927734375
2,3651123046875
2,3193359375
2,288818359375
2,25830078125
2,223968505859375
2,1820068359375
2,147674560546875
2,109527587890625
2,06756591796875
2,0236968994140625
1,9855499267578125
1,9397735595703125
1,8978118896484375
1,85394287109375
1,8100738525390625
1,764535903930664
1,7189979553222656
1,6717910766601562
1,6260147094726562
1,57928466796875
1,529693603515625
1,483917236328125
1,438140869140625
1,384735107421875
1,331329345703125
1,28173828125
1,22833251953125
1,18255615234375
1,125335693359375
1,0833740234375
1,0223388671875
0,96893310546875
0,9307861328125
0,8697509765625
0,81634521484375
0,77056884765625
0,70953369140625
0,66375732421875
0,60272216796875
0,54168701171875
0,48828125
0,43487548828125
0,3814697265625
0,3204345703125
0,274658203125
0,2288818359375
0,1678466796875
0,1220703125
0,06103515625
0,0
-0,030517578125
-0,1068115234375
-0,152587890625
-0,1983642578125
-0,274658203125
-0,30517578125
-0,3509521484375
-0,42724609375
-0,457763671875
-0,518798828125
-0,579833984375
-0,640869140625
-0,6866455078125
-0,7171630859375
-0,7781982421875
-0,823974609375
-0,885009765625
-0,946044921875
-0,9918212890625
-1,03759765625
-1,068115234375
-1,1444091796875
-1,1749267578125
-1,2054443359375
-1,251220703125
-1,28173828125
-1,3427734375
-1,40380859375
-1,434326171875
-1,4801025390625
-1,5106201171875
-1,5411376953125
-1,6021728515625
-1,64794921875
-1,6632080078125
-1,7242431640625
-1,739501953125
-1,77001953125
-1,8310546875
-1,861572265625
-1,89208984375
-1,89208984375
-1,953125
-1,983642578125
-2,01416015625
-2,044677734375
-2,0751953125
-2,105712890625
-2,105712890625
-2,197265625
-2,227783203125
-2,197265625
-2,197265625
-2,25830078125
-2,3193359375
-2,3193359375
-2,38037109375
-2,349853515625
-2,3193359375
-2,38037109375
-2,38037109375
-2,410888671875
-2,4261474609375
-2,44140625
-2,471923828125
-2,4566650390625
-2,471923828125
-2,4566650390625
-2,4871826171875
-2,5177001953125
-2,4871826171875
-2,50244140625
-2,5482177734375
-2,5177001953125
-2,5177001953125
-2,532958984375
-2,5177001953125
-2,532958984375
-2,5177001953125
-2,532958984375
-2,5177001953125
-2,50244140625
-2,5177001953125
-2,4871826171875
-2,4871826171875
-2,4871826171875
-2,4566650390625
-2,471923828125
-2,4566650390625
-2,44140625
-2,410888671875
-2,3956298828125
-2,3956298828125
-2,3956298828125
-2,349853515625
-2,3651123046875
-2,349853515625
-2,3040771484375
-2,3040771484375
-2,25830078125
-2,25830078125
-2,227783203125
-2,1820068359375
-2,1514892578125
-2,13623046875
-2,1209716796875
-2,0904541015625
-2,0751953125
-2,03704833984375
-2,01416015625
-1,983642578125
-1,94549560546875
-1,922607421875
-1,89208984375
-1,86920166015625
-1,82342529296875
-1,7852783203125
-1,7547607421875
-1,71661376953125
-1,68609619140625
-1,64794921875
-1,621246337890625
-1,57928466796875
-1,5411376953125
-1,50299072265625
-1,46484375
-1,422882080078125
-1,384735107421875
-1,3427734375
-1,3027191162109375
-1,262664794921875
-1,2211799621582031
-1,1794567108154297
-1,13677978515625
-1,094818115234375
-1,0538101196289062
-1,0089874267578125
-0,9670257568359375
-0,9212493896484375
-0,87738037109375
-0,8392333984375
-0,789642333984375
-0,751495361328125
-0,701904296875
-0,652313232421875
-0,6256103515625
-0,57220458984375
-0,518798828125
-0,4730224609375
-0,43487548828125
-0,38909912109375
-0,34332275390625
-0,29754638671875
-0,25177001953125
-0,213623046875
-0,152587890625
-0,1220703125
-0,06103515625
-0,02288818359375
0,030517578125
0,091552734375
0,1220703125
0,152587890625
0,1983642578125
0,244140625
0,30517578125
0,335693359375
0,3662109375
0,4119873046875
0,457763671875
0,5035400390625
0,518798828125
0,5645751953125
0,640869140625
0,67138671875
0,732421875
0,762939453125
0,8087158203125
0,823974609375
0,8544921875
0,9002685546875
0,946044921875
1,007080078125
1,0223388671875
1,068115234375
1,0833740234375
1,129150390625
1,1749267578125
1,220703125
1,220703125
1,28173828125
1,2969970703125
1,3275146484375
1,373291015625
1,4190673828125
1,4495849609375
1,46484375
1,495361328125
1,5106201171875
1,556396484375
1,5716552734375
1,6021728515625
1,6326904296875
1,64794921875
1,708984375
1,678466796875
1,739501953125
1,708984375
1,77001953125
1,800537109375
1,8310546875
1,861572265625
1,89208984375
1,89208984375
1,89208984375
1,922607421875
1,861572265625
1,953125
1,983642578125
1,953125
1,953125
1,953125
1,922607421875
1,953125
2,01416015625
2,0751953125
1,983642578125
2,044677734375
1,9989013671875
2,0294189453125
2,044677734375
2,01416015625
2,044677734375
2,0599365234375
2,044677734375
2,0294189453125
2,044677734375
2,0599365234375
2,044677734375
2,01416015625
2,0294189453125
2,01416015625
2,01416015625
2,01416015625
1,9989013671875
1,983642578125
1,983642578125
1,983642578125
1,9378662109375
1,953125
1,953125
1,922607421875
1,9378662109375
1,89208984375
1,8768310546875
1,8768310546875
1,8768310546875
1,8157958984375
1,800537109375
1,8157958984375
1,7852783203125
1,77001953125
1,739501953125
1,739501953125
1,6937255859375
1,678466796875
1,6632080078125
1,6632080078125
1,6021728515625
1,5716552734375
1,556396484375
1,556396484375
1,51824951171875
1,48773193359375
1,46484375
1,44195556640625
1,40380859375
1,38092041015625
1,3580322265625
1,31988525390625
1,2969970703125
1,2664794921875
1,22833251953125
1,19781494140625
1,1749267578125
1,13677978515625
1,102447509765625
1,068115234375
1,03759765625
1,003265380859375
0,972747802734375
0,942230224609375
0,9059906005859375
0,8716583251953125
0,8373260498046875
0,804901123046875
0,77056884765625
0,7352828979492188
0,7002353668212891
0,6644725799560547
0,6299018859863281
0,5931854248046875
0,560760498046875
0,5207061767578125
0,48828125
0,45013427734375
0,415802001953125
0,3814697265625
0,347137451171875
0,308990478515625
0,274658203125
0,232696533203125
0,19073486328125
0,16021728515625
0,12969970703125
0,091552734375
0,05340576171875
0,02288818359375
-0,02288818359375
-0,06103515625
-0,08392333984375
-0,1220703125
-0,16021728515625
-0,19073486328125
-0,2288818359375
-0,2593994140625
-0,3204345703125
-0,335693359375
-0,3662109375
-0,4119873046875
-0,4425048828125
-0,457763671875
-0,457763671875
-0,518798828125
-0,5645751953125
-0,579833984375
-0,6256103515625
-0,6256103515625
-0,6866455078125
-0,6866455078125
-0,7476806640625
-0,762939453125
-0,8087158203125
-0,823974609375
-0,8392333984375
-0,885009765625
-0,9002685546875
-0,9307861328125
-0,9765625
-0,9918212890625
-0,9918212890625
-1,0223388671875
-1,068115234375
-1,0833740234375
-1,0986328125
-1,1138916015625
-1,1444091796875
-1,1749267578125
-1,190185546875
-1,2054443359375
-1,220703125
-1,251220703125
-1,2664794921875
-1,28173828125
-1,2969970703125
-1,312255859375
-1,3427734375
-1,3580322265625
-1,373291015625
-1,3885498046875
-1,40380859375
-1,434326171875
-1,434326171875
-1,40380859375
-1,46484375
-1,434326171875
-1,434326171875
-1,495361328125
-1,495361328125
-1,495361328125
-1,495361328125
-1,52587890625
-1,52587890625
-1,495361328125
-1,495361328125
-1,495361328125
-1,52587890625
-1,556396484375
-1,5869140625
-1,5869140625
-1,52587890625
-1,52587890625
-1,52587890625
-1,5869140625
-1,52587890625
-1,556396484375
-1,5411376953125
-1,556396484375
-1,5411376953125
-1,5411376953125
-1,52587890625
-1,495361328125
-1,495361328125
-1,495361328125
-1,5106201171875
-1,4801025390625
-1,4801025390625
-1,46484375
-1,46484375
-1,434326171875
-1,46484375
-1,434326171875
-1,4190673828125
-1,40380859375
-1,373291015625
-1,40380859375
-1,3885498046875
-1,3427734375
-1,3275146484375
-1,312255859375
-1,312255859375
-1,2969970703125
-1,28173828125
-1,251220703125
-1,2359619140625
-1,220703125
-1,220703125
-1,1749267578125
-1,190185546875
-1,1444091796875
-1,1138916015625
-1,0986328125
-1,0986328125
-1,0528564453125
-1,0223388671875
-1,03759765625
-0,9918212890625
-0,9765625
-0,946044921875
-0,92315673828125
-0,90789794921875
-0,89263916015625
-0,8697509765625
-0,823974609375
-0,823974609375
-0,79345703125
-0,77056884765625
-0,732421875
-0,7171630859375
-0,69427490234375
-0,67138671875
-0,64849853515625
-0,6103515625
-0,58746337890625
-0,57220458984375
-0,54168701171875
-0,51116943359375
-0,49591064453125
-0,469207763671875
-0,4367828369140625
-0,4119873046875
-0,3871917724609375
-0,362396240234375
-0,335693359375
-0,308990478515625
-0,28330087661743164
-0,2579689025878906
-0,2307891845703125
-0,20503997802734375
-0,1773834228515625
-0,1544952392578125
-0,1277923583984375
-0,09918212890625
-0,072479248046875
-0,049591064453125
-0,02288818359375
-0,003814697265625
0,026702880859375
0,0457763671875
0,0762939453125
0,1068115234375
0,12969970703125
0,152587890625
0,18310546875
0,20599365234375
0,22125244140625
0,244140625
0,26702880859375
0,2899169921875
0,3204345703125
0,34332275390625
0,35858154296875
0,3814697265625
0,3814697265625
0,42724609375
0,457763671875
0,48828125
0,5035400390625
0,5035400390625
0,518798828125
0,5340576171875
0,579833984375
0,579833984375
0,6103515625
0,6256103515625
0,6256103515625
0,640869140625
0,67138671875
0,701904296875
0,701904296875
0,7171630859375
0,7476806640625
0,762939453125
0,7781982421875
0,7781982421875
0,7781982421875
0,823974609375
0,8392333984375
0,8392333984375
0,8697509765625
0,8697509765625
0,885009765625
0,8697509765625
0,885009765625
0,9307861328125
0,9307861328125
0,946044921875
0,946044921875
0,9307861328125
0,946044921875
0,946044921875
0,9765625
0,9918212890625
0,9918212890625
0,9918212890625
0,9613037109375
1,007080078125
0,9765625
0,9765625
1,007080078125
1,03759765625
1,007080078125
1,03759765625
1,03759765625
1,007080078125
1,007080078125
1,007080078125
1,03759765625
1,007080078125
1,03759765625
1,007080078125
1,03759765625
1,007080078125
0,9765625
1,03759765625
0,9765625
1,068115234375
0,9765625
0,9765625
1,007080078125
1,007080078125
0,9765625
0,9613037109375
0,946044921875
0,946044921875
0,946044921875
0,946044921875
0,91552734375
0,9307861328125
0,9307861328125
0,9002685546875
0,9002685546875
0,9002685546875
0,885009765625
0,8544921875
0,8697509765625
0,8392333984375
0,8392333984375
0,8544921875
0,823974609375
0,79345703125
0,762939453125
0,7781982421875
0,762939453125
0,762939453125
0,732421875
0,732421875
0,701904296875
0,7171630859375
0,6866455078125
0,6561279296875
0,640869140625
0,6256103515625
0,6256103515625
0,6103515625
0,6103515625
0,5950927734375
0,579833984375
0,54931640625
0,5340576171875
0,5340576171875
0,48828125
0,5035400390625
0,4730224609375
0,4425048828125
0,43487548828125
0,41961669921875
0,40435791015625
0,38909912109375
0,3662109375
0,3509521484375
0,335693359375
0,32806396484375
0,30517578125
0,2899169921875
0,274658203125
0,25177001953125
0,23651123046875
0,2288818359375
0,20599365234375
0,186920166015625
0,171661376953125
0,16021728515625
0,141143798828125
0,125885009765625
0,110626220703125
0,0972747802734375
0,0782012939453125
0,0629425048828125
0,0457763671875
0,030517578125
0,015974044799804688
0,0005960464477539062
-0,014781951904296875
-0,02956390380859375
-0,0457763671875
-0,0553131103515625
-0,072479248046875
-0,087738037109375
-0,102996826171875
-0,1220703125
-0,125885009765625
-0,148773193359375
-0,16021728515625
-0,164031982421875
-0,18310546875
-0,19073486328125
-0,20599365234375
-0,22125244140625
-0,2288818359375
-0,244140625
-0,26702880859375
-0,2593994140625
-0,28228759765625
-0,29754638671875
-0,29754638671875
-0,31280517578125
-0,3204345703125
-0,335693359375
-0,335693359375
-0,3509521484375
-0,3662109375
-0,396728515625
-0,3814697265625
-0,4119873046875
-0,396728515625
-0,42724609375
-0,42724609375
-0,4119873046875
-0,4119873046875
-0,42724609375
-0,4119873046875
-0,457763671875
-0,42724609375
-0,4425048828125
-0,457763671875
-0,457763671875
-0,4730224609375
-0,4730224609375
-0,48828125
-0,48828125
-0,5035400390625
-0,4730224609375
-0,5035400390625
-0,5035400390625
-0,5035400390625
-0,5340576171875
-0,5035400390625
-0,518798828125
-0,48828125
-0,5035400390625
-0,518798828125
-0,518798828125
-0,5035400390625
-0,5340576171875
-0,518798828125
-0,518798828125
-0,518798828125
-0,518798828125
-0,518798828125
-0,48828125
-0,5035400390625
-0,5035400390625
-0,518798828125
-0,518798828125
-0,457763671875
-0,48828125
-0,457763671875
-0,457763671875
-0,48828125
-0,48828125
-0,48828125
-0,48828125
-0,48828125
-0,457763671875
-0,48828125
-0,457763671875
-0,42724609375
-0,42724609375
-0,42724609375
-0,42724609375
-0,457763671875
-0,457763671875
-0,396728515625
-0,42724609375
-0,42724609375
-0,3662109375
-0,457763671875
-0,3662109375
-0,3814697265625
-0,335693359375
-0,3509521484375
-0,335693359375
-0,3662109375
-0,3204345703125
-0,3204345703125
-0,30517578125
-0,30517578125
-0,2899169921875
-0,2899169921875
-0,2899169921875
-0,2899169921875
-0,274658203125
-0,2593994140625
-0,244140625
-0,244140625
-0,244140625
-0,2288818359375
-0,213623046875
-0,213623046875
-0,1983642578125
-0,18310546875
-0,1983642578125
-0,1678466796875
-0,1678466796875
-0,1678466796875
-0,152587890625
-0,1373291015625
-0,1373291015625
-0,1068115234375
-0,1068115234375
-0,091552734375
-0,091552734375
-0,0762939453125
-0,0762939453125
-0,06103515625
-0,0457763671875
-0,0762939453125
-0,06103515625
-0,0457763671875
-0,030517578125
-0,030517578125
-0,0152587890625
-0,0152587890625
0,00762939453125
0,0
0,00762939453125
0,00762939453125
0,0152587890625
0,02288818359375
0,03814697265625
0,0457763671875
0,0457763671875
0,05340576171875
0,05340576171875
0,05340576171875
0,072479248046875
0,080108642578125
0,08392333984375
0,087738037109375
0,087738037109375
0,09918212890625
0,1010894775390625
0,1049041748046875
0,1068115234375
0,11444091796875
0,1163482666015625
0,12111663818359375
0,12445449829101562
0,12803077697753906
0,13017654418945312
0,13446807861328125
0,1373291015625
0,141143798828125
0,1430511474609375
0,141143798828125
0,141143798828125
0,141143798828125
0,14495849609375
0,14495849609375
0,148773193359375
0,156402587890625
0,152587890625
0,14495849609375
0,152587890625
0,152587890625
0,152587890625
0,14495849609375
0,14495849609375
0,16021728515625
0,16021728515625
0,152587890625
0,152587890625
0,14495849609375
0,14495849609375
0,14495849609375
0,152587890625
0,1220703125
0,1220703125
0,1373291015625
0,1220703125
0,1373291015625
0,1220703125
0,152587890625
0,1220703125
0,1220703125
0,1220703125
0,1373291015625
0,1068115234375
0,1068115234375
0,1220703125
0,1068115234375
0,1068115234375
0,0762939453125
0,0762939453125
0,0762939453125
0,06103515625
0,0762939453125
0,0762939453125
0,0457763671875
0,06103515625
0,0457763671875
0,0457763671875
0,030517578125
0,030517578125
0,0152587890625
0,0152587890625
0,0152587890625
0,0
0,0152587890625
0,0
0,0
-0,0152587890625
-0,0457763671875
-0,030517578125
-0,0457763671875
-0,0457763671875
-0,06103515625
-0,06103515625
-0,06103515625
-0,091552734375
-0,06103515625
-0,06103515625
-0,1220703125
-0,1220703125
-0,1220703125
-0,06103515625
-0,1220703125
-0,091552734375
-0,1220703125
-0,1220703125
-0,1220703125
-0,1220703125
-0,1220703125
-0,152587890625
-0,152587890625
-0,18310546875
-0,18310546875
-0,18310546875
-0,213623046875
-0,213623046875
-0,18310546875
-0,213623046875
-0,213623046875
-0,244140625
-0,213623046875
-0,213623046875
-0,2288818359375
-0,2288818359375
-0,2593994140625
-0,2288818359375
-0,2288818359375
-0,2593994140625
-0,244140625
-0,2593994140625
-0,2593994140625
-0,2593994140625
-0,2593994140625
-0,274658203125
-0,274658203125
-0,274658203125
-0,2899169921875
-0,274658203125
-0,2899169921875
-0,2899169921875
-0,274658203125
-0,274658203125
-0,3204345703125
-0,274658203125
-0,274658203125
-0,274658203125
-0,2899169921875
-0,274658203125
-0,274658203125
-0,274658203125
-0,274658203125
-0,2899169921875
-0,30517578125
-0,2899169921875
-0,2899169921875
-0,2899169921875
-0,274658203125
-0,274658203125
-0,2899169921875
-0,2593994140625
-0,2899169921875
-0,2899169921875
-0,274658203125
-0,2899169921875
-0,2593994140625
-0,26702880859375
-0,2593994140625
-0,244140625
-0,23651123046875
-0,244140625
-0,244140625
-0,22125244140625
-0,22125244140625
-0,23651123046875
-0,22125244140625
-0,213623046875
-0,20599365234375
-0,20599365234375
-0,1983642578125
-0,19073486328125
-0,179290771484375
-0,17547607421875
-0,1678466796875
-0,164031982421875
-0,152587890625
-0,1430511474609375
-0,1354217529296875
-0,1277923583984375
-0,1201629638671875
-0,11157989501953125
-0,10228157043457031
-0,09393692016601562
-0,08392333984375
-0,0762939453125
-0,064849853515625
-0,057220458984375
-0,0457763671875
-0,03814697265625
-0,026702880859375
-0,0152587890625
-0,00762939453125
0,003814697265625
0,0152587890625
0,030517578125
0,0457763671875
0,0457763671875
0,05340576171875
0,0762939453125
0,08392333984375
0,09918212890625
0,09918212890625
0,11444091796875
0,1373291015625
0,14495849609375
0,16021728515625
0,1678466796875
0,19073486328125
0,19073486328125
0,1983642578125
0,2288818359375
0,2288818359375
0,2288818359375
0,274658203125
0,274658203125
0,2899169921875
0,2899169921875
0,30517578125
0,3204345703125
0,30517578125
0,3204345703125
0,3509521484375
0,3204345703125
0,3509521484375
0,3814697265625
0,3814697265625
0,4119873046875
0,42724609375
0,4425048828125
0,42724609375
0,4425048828125
0,4425048828125
0,4425048828125
0,457763671875
0,518798828125
0,518798828125
0,518798828125
0,518798828125
0,5340576171875
0,54931640625
0,54931640625
0,5645751953125
0,579833984375
0,579833984375
0,5950927734375
0,5950927734375
0,6103515625
0,6103515625
0,640869140625
0,6256103515625
0,640869140625
0,6561279296875
0,67138671875
0,640869140625
0,701904296875
0,701904296875
0,701904296875
0,732421875
0,732421875
0,762939453125
0,732421875
0,732421875
0,732421875
0,701904296875
0,701904296875
0,701904296875
0,762939453125
0,762939453125
0,762939453125
0,762939453125
0,762939453125
0,762939453125
0,79345703125
0,762939453125
0,762939453125
0,762939453125
0,79345703125
0,732421875
0,732421875
0,762939453125
0,732421875
0,762939453125
0,762939453125
0,762939453125
0,7476806640625
0,7476806640625
0,732421875
0,7476806640625
0,7171630859375
0,7171630859375
0,7171630859375
0,7476806640625
0,7171630859375
0,7171630859375
0,6866455078125
0,701904296875
0,6866455078125
0,6561279296875
0,6866455078125
0,6561279296875
0,6561279296875
0,640869140625
0,6561279296875
0,640869140625
0,640869140625
0,640869140625
0,6103515625
0,6103515625
0,5950927734375
0,5645751953125
0,54931640625
0,54931640625
0,518798828125
0,518798828125
0,5035400390625
0,48828125
0,48828125
0,5035400390625
0,4730224609375
0,4425048828125
0,4425048828125
0,41961669921875
0,396728515625
0,3814697265625
0,37384033203125
0,34332275390625
0,335693359375
0,3204345703125
0,29754638671875
0,274658203125
0,26702880859375
0,244140625
0,23651123046875
0,213623046875
0,1983642578125
0,179290771484375
0,156402587890625
0,141143798828125
0,125885009765625
0,1068115234375
0,0762939453125
0,06103515625
0,0400543212890625
0,019073486328125
0,0
-0,019073486328125
-0,03910064697265625
-0,06103515625
-0,08130073547363281
-0,10204315185546875
-0,1239776611328125
-0,14495849609375
-0,1621246337890625
-0,18310546875
-0,2079010009765625
-0,232696533203125
-0,244140625
-0,270843505859375
-0,2899169921875
-0,308990478515625
-0,32806396484375
-0,3509521484375
-0,3662109375
-0,396728515625
-0,41961669921875
-0,43487548828125
-0,457763671875
-0,4730224609375
-0,5035400390625
-0,518798828125
-0,54931640625
-0,5645751953125
-0,58746337890625
-0,60272216796875
-0,63323974609375
-0,6561279296875
-0,6561279296875
-0,6866455078125
-0,7171630859375
-0,732421875
-0,762939453125
-0,762939453125
-0,762939453125
-0,8087158203125
-0,823974609375
-0,8392333984375
-0,823974609375
-0,8544921875
-0,8544921875
-0,885009765625
-0,91552734375
-0,9613037109375
-0,9765625
-0,9918212890625
-0,9918212890625
-1,007080078125
-1,007080078125
-1,0223388671875
-1,0528564453125
-1,068115234375
-1,0986328125
-1,068115234375
-1,0986328125
-1,1138916015625
-1,1138916015625
-1,1444091796875
-1,1444091796875
-1,1444091796875
-1,15966796875
-1,190185546875
-1,15966796875
-1,190185546875
-1,2054443359375
-1,220703125
-1,220703125
-1,2359619140625
-1,220703125
-1,2359619140625
-1,220703125
-1,220703125
-1,28173828125
-1,190185546875
-1,28173828125
-1,251220703125
-1,28173828125
-1,28173828125
-1,251220703125
-1,251220703125
-1,312255859375
-1,312255859375
-1,28173828125
-1,28173828125
-1,220703125
-1,28173828125
-1,251220703125
-1,28173828125
-1,28173828125
-1,28173828125
-1,251220703125
-1,220703125
-1,251220703125
-1,28173828125
-1,251220703125
-1,220703125
-1,2359619140625
-1,220703125
-1,190185546875
-1,1749267578125
-1,1749267578125
-1,190185546875
-1,15966796875
-1,1444091796875
-1,129150390625
-1,1138916015625
-1,0833740234375
-1,0986328125
-1,068115234375
-1,068115234375
-1,0528564453125
-1,03759765625
-1,0223388671875
-0,9918212890625
-0,9918212890625
-0,9765625
-0,946044921875
-0,946044921875
-0,9307861328125
-0,9002685546875
-0,8544921875
-0,8392333984375
-0,8087158203125
-0,8392333984375
-0,79345703125
-0,762939453125
-0,732421875
-0,732421875
-0,6866455078125
-0,67138671875
-0,6561279296875
-0,6256103515625
-0,6103515625
-0,579833984375
-0,54931640625
-0,5340576171875
-0,48828125
-0,457763671875
-0,4425048828125
-0,42724609375
-0,40435791015625
-0,35858154296875
-0,32806396484375
-0,30517578125
-0,28228759765625
-0,25177001953125
-0,2288818359375
-0,19073486328125
-0,16021728515625
-0,1373291015625
-0,09918212890625
-0,0762939453125
-0,0457763671875
-0,02288818359375
0,011444091796875
0,041961669921875
0,072479248046875
0,102996826171875
0,133514404296875
0,164031982421875
0,194549560546875
0,2269744873046875
0,2593994140625
0,2918243408203125
0,32138824462890625
0,3509521484375
0,3821849822998047
0,41365623474121094
0,4444122314453125
0,476837158203125
0,5054473876953125
0,537872314453125
0,5702972412109375
0,58746337890625
0,629425048828125
0,659942626953125
0,682830810546875
0,72479248046875
0,743865966796875
0,7781982421875
0,8087158203125
0,8392333984375
0,86212158203125
0,89263916015625
0,91552734375
0,9613037109375
0,9765625
1,007080078125
1,03759765625
1,06048583984375
1,09100341796875
1,1138916015625
1,1444091796875
1,15966796875
1,190185546875
1,2054443359375
1,220703125
1,28173828125
1,28173828125
1,312255859375
1,312255859375
1,3580322265625
1,3885498046875
1,40380859375
1,4495849609375
1,40380859375
1,4801025390625
1,495361328125
1,5106201171875
1,52587890625
1,52587890625
1,5411376953125
1,5716552734375
1,6021728515625
1,5716552734375
1,617431640625
1,6326904296875
1,6632080078125
1,6632080078125
1,64794921875
1,678466796875
1,678466796875
1,708984375
1,7242431640625
1,739501953125
1,739501953125
1,739501953125
1,7547607421875
1,7547607421875
1,7547607421875
1,77001953125
1,7852783203125
1,7852783203125
1,7852783203125
1,800537109375
1,7852783203125
1,7852783203125
1,8157958984375
1,77001953125
1,800537109375
1,739501953125
1,800537109375
1,800537109375
1,77001953125
1,77001953125
1,800537109375
1,77001953125
1,739501953125
1,739501953125
1,739501953125
1,739501953125
1,708984375
1,739501953125
1,739501953125
1,708984375
1,64794921875
1,64794921875
1,617431640625
1,617431640625
1,678466796875
1,64794921875
1,617431640625
1,5869140625
1,556396484375
1,52587890625
1,5411376953125
1,5106201171875
1,46484375
1,46484375
1,434326171875
1,4190673828125
1,3885498046875
1,3885498046875
1,3427734375
1,3275146484375
1,28173828125
1,28173828125
1,2359619140625
1,2054443359375
1,2054443359375
1,15966796875
1,1138916015625
1,1138916015625
1,0833740234375
1,0223388671875
0,9918212890625
0,9918212890625
0,9307861328125
0,9002685546875
0,8544921875
0,8392333984375
0,79345703125
0,7781982421875
0,7476806640625
0,701904296875
0,6561279296875
0,6256103515625
0,579833984375
0,54931640625
0,518798828125
0,48828125
0,4425048828125
0,396728515625
0,3509521484375
0,335693359375
0,2899169921875
0,2593994140625
0,213623046875
0,18310546875
0,12969970703125
0,09918212890625
0,06866455078125
0,02288818359375
-0,0152587890625
-0,05340576171875
-0,1068115234375
-0,14495849609375
-0,19073486328125
-0,2288818359375
-0,274658203125
-0,31280517578125
-0,3509521484375
-0,385284423828125
-0,431060791015625
-0,4730224609375
-0,51116943359375
-0,54931640625
-0,5931854248046875
-0,6313323974609375
-0,67138671875
-0,7114410400390625
-0,751495361328125
-0,7905960083007812
-0,8308291435241699
-0,8702278137207031
-0,9088516235351562
-0,9469985961914062
-0,9860992431640625
-1,0223388671875
-1,0585784912109375
-1,0986328125
-1,140594482421875
-1,1749267578125
-1,209259033203125
-1,251220703125
-1,285552978515625
-1,31988525390625
-1,3580322265625
-1,38092041015625
-1,42669677734375
-1,4495849609375
-1,48773193359375
-1,51824951171875
-1,54876708984375
-1,59454345703125
-1,617431640625
-1,64794921875
-1,678466796875
-1,708984375
-1,74713134765625
-1,7547607421875
-1,77001953125
-1,8310546875
-1,861572265625
-1,861572265625
-1,89208984375
-1,922607421875
-1,953125
-1,953125
-1,9989013671875
-1,9989013671875
-2,01416015625
-2,044677734375
-2,0904541015625
-2,0751953125
-2,105712890625
-2,105712890625
-2,1514892578125
-2,1514892578125
-2,1514892578125
-2,166748046875
-2,2125244140625
-2,2125244140625
-2,2125244140625
-2,227783203125
-2,2430419921875
-2,227783203125
-2,25830078125
-2,25830078125
-2,2430419921875
-2,288818359375
-2,2735595703125
-2,2735595703125
-2,288818359375
-2,288818359375
-2,288818359375
-2,25830078125
-2,288818359375
-2,288818359375
-2,288818359375
-2,2735595703125
-2,2735595703125
-2,25830078125
-2,25830078125
-2,25830078125
-2,227783203125
-2,25830078125
-2,227783203125
-2,227783203125
-2,197265625
-2,197265625
-2,197265625
-2,166748046875
-2,166748046875
-2,166748046875
-2,105712890625
-2,0751953125
-2,01416015625
-2,0751953125
-2,044677734375
-2,01416015625
-2,01416015625
-1,983642578125
-1,89208984375
-1,89208984375
-1,861572265625
-1,861572265625
-1,861572265625
-1,8310546875
-1,77001953125
-1,7547607421875
-1,708984375
-1,6937255859375
-1,6632080078125
-1,6326904296875
-1,5869140625
-1,5411376953125
-1,5411376953125
-1,4801025390625
-1,46484375
-1,4190673828125
-1,373291015625
-1,3275146484375
-1,3275146484375
-1,2664794921875
-1,2359619140625
-1,1749267578125
-1,129150390625
-1,0986328125
-1,0528564453125
-1,03759765625
-0,9613037109375
-0,91552734375
-0,9002685546875
-0,823974609375
-0,7781982421875
-0,732421875
-0,7171630859375
-0,6561279296875
-0,6256103515625
-0,579833984375
-0,518798828125
-0,457763671875
-0,4119873046875
-0,3814697265625
-0,30517578125
-0,274658203125
-0,2288818359375
-0,1678466796875
-0,1373291015625
-0,0762939453125
-0,0152587890625
0,0457763671875
0,06866455078125
0,11444091796875
0,1678466796875
0,213623046875
0,26702880859375
0,3204345703125
0,3662109375
0,4119873046875
0,457763671875
0,51116943359375
0,57220458984375
0,61798095703125
0,6561279296875
0,70953369140625
0,766754150390625
0,804901123046875
0,858306884765625
0,904083251953125
0,95367431640625
0,995635986328125
1,0528564453125
1,0986328125
1,1444091796875
1,190185546875
1,2388229370117188
1,2836456298828125
1,329183578491211
1,3746023178100586
1,4200210571289062
1,4629364013671875
1,5058517456054688
1,5506744384765625
1,590728759765625
1,6345977783203125
1,674652099609375
1,71661376953125
1,758575439453125
1,800537109375
1,834869384765625
1,8768310546875
1,9073486328125
1,96075439453125
1,983642578125
2,03704833984375
2,0599365234375
2,0904541015625
2,13623046875
2,166748046875
2,1820068359375
2,227783203125
2,25067138671875
2,28118896484375
2,32696533203125
2,349853515625
2,38037109375
2,3956298828125
2,410888671875
2,471923828125
2,471923828125
2,4871826171875
2,5177001953125
2,532958984375
2,5482177734375
2,5787353515625
2,5787353515625
2,593994140625
2,655029296875
2,6397705078125
2,6702880859375
2,685546875
2,6702880859375
2,685546875
2,716064453125
2,716064453125
2,7313232421875
2,7313232421875
2,7313232421875
2,7313232421875
2,7313232421875
2,716064453125
2,7618408203125
2,7313232421875
2,7313232421875
2,74658203125
2,7313232421875
2,74658203125
2,74658203125
2,7008056640625
2,7313232421875
2,685546875
2,716064453125
2,7008056640625
2,685546875
2,7008056640625
2,6397705078125
2,62451171875
2,62451171875
2,593994140625
2,5634765625
2,5634765625
2,532958984375
2,532958984375
2,471923828125
2,532958984375
2,44140625
2,410888671875
2,410888671875
2,38037109375
2,349853515625
2,349853515625
2,25830078125
2,25830078125
2,197265625
2,227783203125
2,227783203125
2,13623046875
2,0751953125
2,105712890625
2,01416015625
1,953125
2,01416015625
1,922607421875
1,861572265625
1,8310546875
1,7852783203125
1,739501953125
1,6937255859375
1,6632080078125
1,6021728515625
1,5716552734375
1,5411376953125
1,4801025390625
1,4190673828125
1,373291015625
1,3275146484375
1,28173828125
1,2359619140625
1,190185546875
1,129150390625
1,0833740234375
1,0223388671875
0,9613037109375
0,91552734375
0,885009765625
0,823974609375
0,732421875
0,701904296875
0,6561279296875
0,579833984375
0,5340576171875
0,457763671875
0,4119873046875
0,3662109375
0,30517578125
0,2593994140625
0,18310546875
0,1220703125
0,0457763671875
0,0
-0,0457763671875
-0,1068115234375
-0,18310546875
-0,213623046875
-0,274658203125
-0,3509521484375
-0,396728515625
-0,4730224609375
-0,518798828125
-0,57220458984375
-0,61798095703125
-0,6866455078125
-0,74005126953125
-0,80108642578125
-0,8544921875
-0,91552734375
-0,9765625
-1,03759765625
-1,0833740234375
-1,1444091796875
-1,190185546875
-1,251220703125
-1,312255859375
-1,3580322265625
-1,4190673828125
-1,468658447265625
-1,522064208984375
-1,575469970703125
-1,6269683837890625
-1,6765594482421875
-1,7261505126953125
-1,7795562744140625
-1,8301010131835938
-1,8782615661621094
-1,9268989562988281
-1,974344253540039
-2,021312713623047
-2,0685195922851562
-2,1152496337890625
-2,1572113037109375
-2,2029876708984375
-2,246856689453125
-2,288818359375
-2,3345947265625
-2,368927001953125
-2,410888671875
-2,452850341796875
-2,490997314453125
-2,532958984375
-2,55584716796875
-2,60162353515625
-2,63214111328125
-2,6702880859375
-2,7008056640625
-2,72369384765625
-2,7618408203125
-2,78472900390625
-2,81524658203125
-2,8533935546875
-2,86865234375
-2,89154052734375
-2,9144287109375
-2,9449462890625
-2,960205078125
-3,0059814453125
-3,021240234375
-3,021240234375
-3,0364990234375
-3,0517578125
-3,082275390625
-3,0975341796875
-3,11279296875
-3,082275390625
-3,1280517578125
-3,1280517578125
-3,11279296875
-3,1585693359375
-3,1585693359375
-3,173828125
-3,1585693359375
-3,1585693359375
-3,173828125
-3,143310546875
-3,173828125
-3,143310546875
-3,143310546875
-3,173828125
-3,1585693359375
-3,143310546875
-3,1280517578125
-3,1280517578125
-3,082275390625
-3,082275390625
-3,0670166015625
-3,0364990234375
-3,0364990234375
-3,0364990234375
-3,0059814453125
-2,99072265625
-2,960205078125
-2,9296875
-2,9296875
-2,899169921875
-2,8533935546875
-2,8228759765625
-2,8076171875
-2,74658203125
-2,716064453125
-2,716064453125
-2,685546875
-2,655029296875
-2,5634765625
-2,593994140625
-2,532958984375
-2,532958984375
-2,50244140625
-2,410888671875
-2,38037109375
-2,3193359375
-2,25830078125
-2,288818359375
-2,25830078125
-2,166748046875
-2,0751953125
-2,0751953125
-2,01416015625
-1,983642578125
-1,89208984375
-1,89208984375
-1,800537109375
-1,77001953125
-1,708984375
-1,64794921875
-1,6021728515625
-1,556396484375
-1,4801025390625
-1,434326171875
-1,3885498046875
-1,3275146484375
-1,2664794921875
-1,1749267578125
-1,129150390625
-1,0986328125
-1,03759765625
-0,9613037109375
-0,885009765625
-0,823974609375
-0,762939453125
-0,701904296875
-0,6256103515625
-0,5950927734375
-0,518798828125
-0,4425048828125
-0,3814697265625
-0,335693359375
-0,274658203125
-0,1983642578125
-0,1220703125
-0,0762939453125
0,0152587890625
0,06103515625
0,1373291015625
0,1983642578125
0,2899169921875
0,335693359375
0,396728515625
0,48828125
0,5340576171875
0,5950927734375
0,67138671875
0,7476806640625
0,823974609375
0,8697509765625
0,91552734375
1,007080078125
1,068115234375
1,129150390625
1,18255615234375
1,24359130859375
1,31988525390625
1,373291015625
1,434326171875
1,50299072265625
1,54876708984375
1,60980224609375
1,678466796875
1,73187255859375
1,800537109375
1,85394287109375
1,9073486328125
1,964569091796875
2,025604248046875
2,086639404296875
2,132415771484375
2,185821533203125
2,2430419921875
2,2945404052734375
2,34222412109375
2,3946762084960938
2,445220947265625
2,4938583374023438
2,541661262512207
2,5887489318847656
2,6350021362304688
2,6798248291015625
2,72369384765625
2,7675628662109375
2,8076171875
2,84576416015625
2,89154052734375
2,925872802734375
2,96783447265625
3,002166748046875
3,040313720703125
3,07464599609375
3,0975341796875
3,143310546875
3,173828125
3,204345703125
3,22723388671875
3,265380859375
3,28826904296875
3,2958984375
3,326416015625
3,34930419921875
3,3721923828125
3,387451171875
3,41796875
3,4332275390625
3,448486328125
3,47900390625
3,47900390625
3,47900390625
3,4942626953125
3,4942626953125
3,509521484375
3,509521484375
3,5247802734375
3,509521484375
3,5400390625
3,5400390625
3,5400390625
3,5400390625
3,5247802734375
3,5400390625
3,5247802734375
3,4942626953125
3,509521484375
3,47900390625
3,4637451171875
3,4637451171875
3,4637451171875
3,4332275390625
3,41796875
3,4027099609375
3,387451171875
3,35693359375
3,3416748046875
3,326416015625
3,2806396484375
3,265380859375
3,2196044921875
3,2196044921875
3,1890869140625
3,143310546875
3,11279296875
3,082275390625
3,0364990234375
2,99072265625
2,99072265625
2,9296875
2,9144287109375
2,86865234375
2,838134765625
2,777099609375
2,74658203125
2,685546875
2,62451171875
2,5634765625
2,532958984375
2,50244140625
2,44140625
2,410888671875
2,3193359375
2,288818359375
2,197265625
2,197265625
2,0751953125
2,0751953125
2,01416015625
1,953125
1,89208984375
1,8310546875
1,77001953125
1,678466796875
1,617431640625
1,556396484375
1,495361328125
1,4495849609375
1,3885498046875
1,3275146484375
1,251220703125
1,15966796875
1,1138916015625
1,03759765625
0,9613037109375
0,9002685546875
0,823974609375
0,7781982421875
0,6866455078125
0,5950927734375
0,5340576171875
0,4730224609375
0,396728515625
0,335693359375
0,274658203125
0,18310546875
0,1220703125
0,030517578125
-0,0457763671875
-0,1068115234375
-0,18310546875
-0,244140625
-0,335693359375
-0,4119873046875
-0,48828125
-0,5340576171875
-0,6256103515625
-0,6866455078125
-0,732421875
-0,823974609375
-0,9002685546875
-0,9613037109375
-1,0528564453125
-1,129150390625
-1,15966796875
-1,2664794921875
-1,312255859375
-1,3885498046875
-1,4801025390625
-1,52587890625
-1,57928466796875
-1,6632080078125
-1,73187255859375
-1,80816650390625
-1,85394287109375
-1,9378662109375
-1,983642578125
-2,0599365234375
-2,11334228515625
-2,1820068359375
-2,2430419921875
-2,29644775390625
-2,349853515625
-2,41851806640625
-2,475738525390625
-2,529144287109375
-2,582550048828125
-2,6397705078125
-2,69317626953125
-2,742767333984375
-2,7923583984375
-2,849578857421875
-2,8972625732421875
-2,9468536376953125
-2,994537353515625
-3,0412673950195312
-3,086090087890625
-3,1300783157348633
-3,173351287841797
-3,215789794921875
-3,2558441162109375
-3,2939910888671875
-3,3321380615234375
-3,368377685546875
-3,41033935546875
-3,444671630859375
-3,47137451171875
-3,505706787109375
-3,53240966796875
-3,56292724609375
-3,59344482421875
-3,6163330078125
-3,63922119140625
-3,662109375
-3,68499755859375
-3,70025634765625
-3,73077392578125
-3,753662109375
-3,76129150390625
-3,77655029296875
-3,79180908203125
-3,7994384765625
-3,82232666015625
-3,82232666015625
-3,814697265625
-3,8299560546875
-3,84521484375
-3,84521484375
-3,8299560546875
-3,84521484375
-3,8604736328125
-3,8604736328125
-3,8299560546875
-3,84521484375
-3,814697265625
-3,8299560546875
-3,7994384765625
-3,814697265625
-3,7841796875
-3,7689208984375
-3,7384033203125
-3,72314453125
-3,7078857421875
-3,6773681640625
-3,6773681640625
-3,6468505859375
-3,631591796875
-3,60107421875
-3,570556640625
-3,570556640625
-3,509521484375
-3,47900390625
-3,4332275390625
-3,4332275390625
-3,3721923828125
-3,3416748046875
-3,2958984375
-3,265380859375
-3,204345703125
-3,1585693359375
-3,143310546875
-3,082275390625
-3,0517578125
-2,99072265625
-2,9449462890625
-2,8839111328125
-2,838134765625
-2,777099609375
-2,74658203125
-2,685546875
-2,655029296875
-2,593994140625
-2,532958984375
-2,44140625
-2,349853515625
-2,349853515625
-2,288818359375
-2,197265625
-2,166748046875
-2,105712890625
-1,983642578125
-1,953125
-1,89208984375
-1,77001953125
-1,739501953125
-1,678466796875
-1,5869140625
-1,52587890625
-1,46484375
-1,40380859375
-1,3427734375
-1,220703125
-1,0986328125
-1,1138916015625
-1,03759765625
-0,9613037109375
-0,8697509765625
-0,79345703125
-0,7171630859375
-0,640869140625
-0,54931640625
-0,48828125
-0,4119873046875
-0,3204345703125
-0,274658203125
-0,1983642578125
-0,1068115234375
-0,030517578125
0,030517578125
0,1068115234375
0,18310546875
0,2899169921875
0,3509521484375
0,42724609375
0,518798828125
0,5950927734375
0,67138671875
0,7476806640625
0,823974609375
0,885009765625
0,9765625
1,068115234375
1,1444091796875
1,2054443359375
1,2969970703125
1,3427734375
1,4190673828125
1,495361328125
1,5869140625
1,64794921875
1,739501953125
1,800537109375
1,8768310546875
1,9378662109375
2,01416015625
2,0904541015625
2,1514892578125
2,20489501953125
2,288818359375
2,35748291015625
2,410888671875
2,471923828125
2,5482177734375
2,593994140625
2,66265869140625
2,72369384765625
2,78472900390625
2,838134765625
2,90679931640625
2,960205078125
3,01361083984375
3,0670166015625
3,12042236328125
3,170013427734375
3,215789794921875
3,265380859375
3,314971923828125
3,3626556396484375
3,406524658203125
3,448486328125
3,4923553466796875
3,5352706909179688
3,574371337890625
3,6132335662841797
3,650665283203125
3,6864280700683594
3,7212371826171875
3,7555694580078125
3,7860870361328125
3,8166046142578125
3,83758544921875
3,875732421875
3,894805908203125
3,925323486328125
3,94439697265625
3,96728515625
3,986358642578125
4,00543212890625
4,02069091796875
4,0283203125
4,05120849609375
4,06646728515625
4,0740966796875
4,08172607421875
4,08172607421875
4,09698486328125
4,09698486328125
4,1046142578125
4,1046142578125
4,11224365234375
4,1046142578125
4,08935546875
4,0740966796875
4,08935546875
4,058837890625
4,058837890625
4,0740966796875
4,0283203125
4,0435791015625
4,0130615234375
3,9825439453125
3,9520263671875
3,96728515625
3,9215087890625
3,875732421875
3,875732421875
3,84521484375
3,8299560546875
3,7841796875
3,753662109375
3,72314453125
3,6773681640625
3,662109375
3,6163330078125
3,5858154296875
3,5400390625
3,4942626953125
3,448486328125
3,4027099609375
3,35693359375
3,3111572265625
3,265380859375
3,2196044921875
3,143310546875
3,11279296875
3,0517578125
3,0059814453125
2,960205078125
2,9144287109375
2,838134765625
2,7618408203125
2,7008056640625
2,655029296875
2,5787353515625
2,532958984375
2,471923828125
2,38037109375
2,3193359375
2,25830078125
2,197265625
2,13623046875
2,044677734375
1,983642578125
1,922607421875
1,861572265625
1,739501953125
1,64794921875
1,617431640625
1,556396484375
1,46484375
1,40380859375
1,3427734375
1,251220703125
1,190185546875
1,0986328125
0,9765625
0,885009765625
0,823974609375
0,67138671875
0,67138671875
0,579833984375
0,5035400390625
0,42724609375
0,3509521484375
0,244140625
0,1678466796875
0,1068115234375
0,030517578125
-0,0762939453125
-0,1678466796875
-0,244140625
-0,3204345703125
-0,396728515625
-0,48828125
-0,5645751953125
-0,640869140625
-0,732421875
-0,79345703125
-0,885009765625
-0,9765625
-1,068115234375
-1,15966796875
-1,220703125
-1,2664794921875
-1,373291015625
-1,46484375
-1,5411376953125
-1,617431640625
-1,678466796875
-1,77001953125
-1,8463134765625
-1,9073486328125
-1,953125
-2,0599365234375
-2,1514892578125
-2,197265625
-2,288818359375
-2,349853515625
-2,3956298828125
-2,50244140625
-2,532958984375
-2,6397705078125
-2,7008056640625
-2,7313232421875
-2,79998779296875
-2,8839111328125
-2,9296875
-3,0059814453125
-3,0670166015625
-3,12042236328125
-3,173828125
-3,24249267578125
-3,2958984375
-3,326416015625
-3,39508056640625
-3,4332275390625
-3,48663330078125
-3,53240966796875
-3,582000732421875
-3,627777099609375
-3,673553466796875
-3,719329833984375
-3,757476806640625
-3,803253173828125
-3,8394927978515625
-3,8738250732421875
-3,9119720458984375
-3,9453506469726562
-3,9777755737304688
-4,008769989013672
-4,03827428817749
-4,065990447998047
-4,093170166015625
-4,117012023925781
-4,1408538818359375
-4,161834716796875
-4,1828155517578125
-4,1961669921875
-4,21905517578125
-4,23431396484375
-4,245758056640625
-4,261016845703125
-4,268646240234375
-4,276275634765625
-4,28009033203125
-4,2877197265625
-4,29534912109375
-4,302978515625
-4,2877197265625
-4,29534912109375
-4,302978515625
-4,28009033203125
-4,28009033203125
-4,2724609375
-4,2572021484375
-4,24957275390625
-4,241943359375
-4,21905517578125
-4,21142578125
-4,1961669921875
-4,1656494140625
-4,150390625
-4,1351318359375
-4,1046142578125
-4,058837890625
-4,0435791015625
-4,0130615234375
-3,9825439453125
-3,936767578125
-3,936767578125
-3,875732421875
-3,84521484375
-3,814697265625
-3,7384033203125
-3,7384033203125
-3,692626953125
-3,6468505859375
-3,60107421875
-3,570556640625
-3,47900390625
-3,448486328125
-3,4027099609375
-3,35693359375
-3,2958984375
-3,23486328125
-3,173828125
-3,11279296875
-3,0670166015625
-3,0059814453125
-2,9144287109375
-2,8839111328125
-2,8076171875
-2,7618408203125
-2,685546875
-2,593994140625
-2,5482177734375
-2,4871826171875
-2,410888671875
-2,3651123046875
-2,2735595703125
-2,2125244140625
-2,105712890625
-2,044677734375
-1,983642578125
-1,922607421875
-1,800537109375
-1,739501953125
-1,678466796875
-1,556396484375
-1,46484375
-1,373291015625
-1,3427734375
-1,251220703125
-1,190185546875
-1,0986328125
-1,03759765625
-0,946044921875
-0,8544921875
-0,762939453125
-0,732421875
-0,54931640625
-0,48828125
-0,42724609375
-0,335693359375
-0,274658203125
-0,152587890625
-0,091552734375
-0,0152587890625
0,06103515625
0,1678466796875
0,2593994140625
0,335693359375
0,4425048828125
0,5035400390625
0,6103515625
0,6866455078125
0,762939453125
0,8697509765625
0,9307861328125
1,0223388671875
1,129150390625
1,2054443359375
1,2664794921875
1,3580322265625
1,4190673828125
1,5411376953125
1,617431640625
1,678466796875
1,77001953125
1,8310546875
1,922607421875
1,983642578125
2,0599365234375
2,13623046875
2,2125244140625
2,2735595703125
2,38037109375
2,4261474609375
2,5177001953125
2,593994140625
2,6702880859375
2,7313232421875
2,7923583984375
2,8533935546875
2,9144287109375
2,99072265625
3,0670166015625
3,0975341796875
3,1585693359375
3,2196044921875
3,2806396484375
3,33404541015625
3,4027099609375
3,45611572265625
3,509521484375
3,5552978515625
3,6163330078125
3,66973876953125
3,7078857421875
3,74603271484375
3,80706787109375
3,84521484375
3,8909912109375
3,9215087890625
3,96728515625
4,001617431640625
4,039764404296875
4,0740966796875
4,11224365234375
4,138946533203125
4,17327880859375
4,1961669921875
4,2209625244140625
4,245758056640625
4,2705535888671875
4,294395446777344
4,312276840209961
4,330635070800781
4,347324371337891
4,3621063232421875
4,376411437988281
4,38690185546875
4,398345947265625
4,40216064453125
4,4097900390625
4,413604736328125
4,41741943359375
4,413604736328125
4,425048828125
4,413604736328125
4,4097900390625
4,4097900390625
4,40216064453125
4,38690185546875
4,3792724609375
4,37164306640625
4,35638427734375
4,3487548828125
4,3182373046875
4,302978515625
4,2877197265625
4,2572021484375
4,2266845703125
4,21142578125
4,1961669921875
4,1656494140625
4,1351318359375
4,08935546875
4,0740966796875
4,0283203125
3,9825439453125
3,9520263671875
3,9215087890625
3,875732421875
3,8299560546875
3,7689208984375
3,72314453125
3,7078857421875
3,631591796875
3,570556640625
3,5247802734375
3,509521484375
3,4332275390625
3,35693359375
3,3111572265625
3,265380859375
3,204345703125
3,11279296875
3,082275390625
3,021240234375
2,9449462890625
2,8839111328125
2,777099609375
2,7618408203125
2,6702880859375
2,593994140625
2,532958984375
2,44140625
2,38037109375
2,3193359375
2,2430419921875
2,166748046875
2,0904541015625
1,9989013671875
1,9378662109375
1,861572265625
1,800537109375
1,708984375
1,5869140625
1,556396484375
1,46484375
1,3427734375
1,28173828125
1,190185546875
1,068115234375
1,03759765625
0,946044921875
0,8544921875
0,732421875
0,67138671875
0,54931640625
0,518798828125
0,396728515625
0,335693359375
0,213623046875
0,152587890625
0,091552734375
-0,06103515625
-0,152587890625
-0,18310546875
-0,30517578125
-0,3662109375
-0,42724609375
-0,54931640625
-0,6256103515625
-0,7171630859375
-0,79345703125
-0,885009765625
-0,9765625
-1,0528564453125
-1,129150390625
-1,220703125
-1,2969970703125
-1,373291015625
-1,4801025390625
-1,5716552734375
-1,64794921875
-1,708984375
-1,8157958984375
-1,89208984375
-1,953125
-2,044677734375
-2,1209716796875
-2,197265625
-2,2735595703125
-2,3651123046875
-2,410888671875
-2,50244140625
-2,5787353515625
-2,62451171875
